#
#
#  Percent Identity  Matrix - created by Clustal2.1 
#
#

     1: AT5G40210           100.00   44.48   43.54   46.44   45.95   46.00   48.98   48.95   48.53   46.86   46.75
     2: TraesCS4B02G316400   44.48  100.00   87.49   55.27   54.31   55.18   54.16   53.68   54.19   53.94   55.03
     3: TraesCS4D02G313000   43.54   87.49  100.00   54.98   54.08   54.87   54.38   54.21   54.20   53.37   54.27
     4: TraesCS1A02G256700   46.44   55.27   54.98  100.00   94.36   96.54   68.07   67.88   67.37   67.60   69.51
     5: TraesCS1D02G256100   45.95   54.31   54.08   94.36  100.00   96.14   66.67   66.35   66.86   66.86   69.31
     6: TraesCS1B02G267300   46.00   55.18   54.87   96.54   96.14  100.00   68.15   67.84   67.71   67.51   69.74
     7: TraesCS1A02G310300   48.98   54.16   54.38   68.07   66.67   68.15  100.00   94.73   94.78   70.27   73.18
     8: TraesCS1B02G321500   48.95   53.68   54.21   67.88   66.35   67.84   94.73  100.00   95.87   69.78   72.97
     9: TraesCS1D02G309800   48.53   54.19   54.20   67.37   66.86   67.71   94.78   95.87  100.00   70.54   72.93
    10: TraesCS3B02G362000   46.86   53.94   53.37   67.60   66.86   67.51   70.27   69.78   70.54  100.00   91.40
    11: TraesCS3A02G331900   46.75   55.03   54.27   69.51   69.31   69.74   73.18   72.97   72.93   91.40  100.00
