#
#
#  Percent Identity  Matrix - created by Clustal2.1 
#
#

     1: AT5G64700           100.00   53.77   53.76   55.23   51.47   54.26   53.89   54.74   54.34   54.36
     2: TraesCS3A02G335900   53.77  100.00   80.84   82.18   82.21   64.33   64.36   64.42   63.77   63.21
     3: TraesCS3D02G328900   53.76   80.84  100.00   79.81   83.55   65.13   65.15   65.54   64.92   64.38
     4: TraesCS3B02G366800   55.23   82.18   79.81  100.00   87.35   66.78   67.72   66.88   66.48   66.01
     5: TraesCS2D02G506100   51.47   82.21   83.55   87.35  100.00   64.57   61.99   62.06   61.19   60.72
     6: TraesCS6A02G039800   54.26   64.33   65.13   66.78   64.57  100.00   96.00   83.96   84.09   83.34
     7: TraesCS6D02G045700   53.89   64.36   65.15   67.72   61.99   96.00  100.00   82.93   80.94   81.65
     8: TraesCS1A02G095600   54.74   64.42   65.54   66.88   62.06   83.96   82.93  100.00   95.02   95.71
     9: TraesCS1B02G128000   54.34   63.77   64.92   66.48   61.19   84.09   80.94   95.02  100.00   95.86
    10: TraesCS1D02G104500   54.36   63.21   64.38   66.01   60.72   83.34   81.65   95.71   95.86  100.00
