#
#
#  Percent Identity  Matrix - created by Clustal2.1 
#
#

     1: AT5G45370           100.00   46.23   55.78   55.92   56.75   50.74   53.46   51.26
     2: TraesCS3A02G007100   46.23  100.00   51.72   52.53   52.80   52.12   53.12   52.47
     3: TraesCS6B02G298700   55.78   51.72  100.00   95.31   95.85   58.56   58.88   57.32
     4: TraesCS6A02G271500   55.92   52.53   95.31  100.00   96.96   59.98   59.67   59.66
     5: TraesCS6D02G251700   56.75   52.80   95.85   96.96  100.00   59.10   59.55   57.55
     6: TraesCS7A02G409900   50.74   52.12   58.56   59.98   59.10  100.00   89.11   89.33
     7: TraesCS7B02G309300   53.46   53.12   58.88   59.67   59.55   89.11  100.00   93.25
     8: TraesCS7D02G403100   51.26   52.47   57.32   59.66   57.55   89.33   93.25  100.00
