#
#
#  Percent Identity  Matrix - created by Clustal2.1 
#
#

     1: AT1G11460           100.00   44.30   49.88   49.39   49.94   46.46   48.35   48.27   46.63   47.03
     2: TraesCS3D02G325400   44.30  100.00   74.56   74.42   74.81   49.83   53.66   52.12   51.91   51.10
     3: TraesCS1A02G310300   49.88   74.56  100.00   95.89   95.98   54.08   56.19   55.56   55.49   55.58
     4: TraesCS1B02G321500   49.39   74.42   95.89  100.00   96.63   54.23   56.86   56.02   56.03   56.04
     5: TraesCS1D02G309800   49.94   74.81   95.98   96.63  100.00   53.92   56.04   55.49   55.32   55.16
     6: TraesCS6A02G008800   46.46   49.83   54.08   54.23   53.92  100.00   60.74   60.55   59.86   60.60
     7: TraesCS4B02G086600   48.35   53.66   56.19   56.86   56.04   60.74  100.00   92.60   91.90   91.76
     8: TraesCS7A02G087800   48.27   52.12   55.56   56.02   55.49   60.55   92.60  100.00   93.12   90.70
     9: TraesCS4A02G386700   46.63   51.91   55.49   56.03   55.32   59.86   91.90   93.12  100.00   92.10
    10: TraesCS7D02G082900   47.03   51.10   55.58   56.04   55.16   60.60   91.76   90.70   92.10  100.00
