#
#
#  Percent Identity  Matrix - created by Clustal2.1 
#
#

     1: AT1G43650           100.00   44.05   43.26   46.25   45.17   45.98   46.62   41.81   42.15   42.28   42.56
     2: TraesCS2A02G219700   44.05  100.00   95.50   50.12   49.75   50.18   51.20   57.88   57.53   57.40   55.65
     3: TraesCS2D02G225500   43.26   95.50  100.00   48.43   48.66   48.81   49.60   54.73   54.93   56.23   55.15
     4: TraesCS1B02G023900   46.25   50.12   48.43  100.00   87.26   89.50   90.59   59.05   58.74   60.88   60.41
     5: TraesCS1A02G019700   45.17   49.75   48.66   87.26  100.00   89.88   90.70   57.05   56.48   57.56   59.03
     6: TraesCS1D02G019300   45.98   50.18   48.81   89.50   89.88  100.00   96.89   59.57   58.82   60.55   60.73
     7: TraesCS1A02G019800   46.62   51.20   49.60   90.59   90.70   96.89  100.00   61.68   61.02   62.40   61.31
     8: TraesCS3A02G335900   41.81   57.88   54.73   59.05   57.05   59.57   61.68  100.00   80.39   81.87   84.60
     9: TraesCS3D02G328900   42.15   57.53   54.93   58.74   56.48   58.82   61.02   80.39  100.00   79.40   85.92
    10: TraesCS3B02G366800   42.28   57.40   56.23   60.88   57.56   60.55   62.40   81.87   79.40  100.00   86.91
    11: TraesCS2B02G533700   42.56   55.65   55.15   60.41   59.03   60.73   61.31   84.60   85.92   86.91  100.00
