#
#
#  Percent Identity  Matrix - created by Clustal2.1 
#
#

     1: AT1G68170           100.00   49.15   49.23   48.99   44.72   48.93   49.36   49.51   49.75   49.52
     2: TraesCS3A02G196000   49.15  100.00   95.03   95.37   53.81   59.97   60.86   60.27   60.16   61.08
     3: TraesCS3B02G227600   49.23   95.03  100.00   95.92   57.93   59.61   60.21   59.63   60.00   60.84
     4: TraesCS3D02G199100   48.99   95.37   95.92  100.00   57.27   59.55   60.37   59.87   60.24   61.24
     5: TraesCS7B02G379000   44.72   53.81   57.93   57.27  100.00   63.40   68.15   68.07   70.46   71.11
     6: TraesCS7A02G477500   48.93   59.97   59.61   59.55   63.40  100.00   84.69   85.01   88.33   87.46
     7: TraesCS7B02G379300   49.36   60.86   60.21   60.37   68.15   84.69  100.00   97.15   92.59   92.42
     8: TraesCS7B02G379400   49.51   60.27   59.63   59.87   68.07   85.01   97.15  100.00   92.02   92.58
     9: TraesCS7A02G477400   49.75   60.16   60.00   60.24   70.46   88.33   92.59   92.02  100.00   94.25
    10: TraesCS7D02G464900   49.52   61.08   60.84   61.24   71.11   87.46   92.42   92.58   94.25  100.00
