#
#
#  Percent Identity  Matrix - created by Clustal2.1 
#
#

     1: AT1G43650           100.00   45.29   45.89   45.09   48.28   50.87   51.17   51.22   51.38   47.11   49.51
     2: TraesCS3A02G335900   45.29  100.00   80.39   81.87   79.43   57.17   55.13   56.98   58.94   52.26   53.51
     3: TraesCS3D02G328900   45.89   80.39  100.00   79.40   80.55   57.38   54.66   57.18   59.27   52.83   53.36
     4: TraesCS3B02G366800   45.09   81.87   79.40  100.00   81.38   58.46   56.41   58.78   60.15   53.45   54.29
     5: TraesCS2B02G533700   48.28   79.43   80.55   81.38  100.00   61.76   62.35   63.43   64.54   61.54   61.13
     6: TraesCS1B02G023900   50.87   57.17   57.38   58.46   61.76  100.00   87.03   87.91   90.75   73.51   74.39
     7: TraesCS1A02G019700   51.17   55.13   54.66   56.41   62.35   87.03  100.00   88.68   89.28   72.40   73.08
     8: TraesCS1D02G019300   51.22   56.98   57.18   58.78   63.43   87.91   88.68  100.00   96.47   72.34   74.33
     9: TraesCS1A02G019800   51.38   58.94   59.27   60.15   64.54   90.75   89.28   96.47  100.00   74.40   75.68
    10: TraesCS1B02G049500   47.11   52.26   52.83   53.45   61.54   73.51   72.40   72.34   74.40  100.00   83.78
    11: TraesCS1A02G020200   49.51   53.51   53.36   54.29   61.13   74.39   73.08   74.33   75.68   83.78  100.00
