#
#
#  Percent Identity  Matrix - created by Clustal2.1 
#
#

     1: TraesCS2A02G575700  100.00   89.90   91.43   46.76   48.60   51.87   55.05   54.66   54.66   56.24
     2: TraesCS2B02G611600   89.90  100.00   91.63   47.22   48.41   51.01   54.40   54.17   54.83   56.20
     3: TraesCS2D02G586500   91.43   91.63  100.00   47.41   48.90   52.44   55.70   55.49   54.80   56.44
     4: AT1G25270            46.76   47.22   47.41  100.00   47.32   51.12   52.13   52.15   52.23   52.00
     5: TraesCS3D02G199100   48.60   48.41   48.90   47.32  100.00   58.18   59.75   59.31   60.08   60.92
     6: TraesCS7A02G477500   51.87   51.01   52.44   51.12   58.18  100.00   86.64   87.02   89.69   89.30
     7: TraesCS7B02G379300   55.05   54.40   55.70   52.13   59.75   86.64  100.00   97.18   92.71   93.43
     8: TraesCS7B02G379400   54.66   54.17   55.49   52.15   59.31   87.02   97.18  100.00   92.33   93.60
     9: TraesCS7A02G477400   54.66   54.83   54.80   52.23   60.08   89.69   92.71   92.33  100.00   94.63
    10: TraesCS7D02G464900   56.24   56.20   56.44   52.00   60.92   89.30   93.43   93.60   94.63  100.00
