#
#
#  Percent Identity  Matrix - created by Clustal2.1 
#
#

     1: AT1G11450           100.00   42.88   47.76   47.41   46.97   44.13   44.49   45.08   40.63   41.15   41.36
     2: TraesCS3B02G026700   42.88  100.00   52.44   53.24   49.49   53.68   53.03   53.40   48.84   50.36   51.37
     3: TraesCS5B02G014100   47.76   52.44  100.00   88.29   85.22   54.30   54.25   53.73   52.64   52.44   53.02
     4: TraesCS5D02G021800   47.41   53.24   88.29  100.00   88.41   54.41   54.06   53.64   52.75   53.40   53.53
     5: TraesCS5A02G015800   46.97   49.49   85.22   88.41  100.00   52.24   51.97   51.86   51.47   51.42   52.96
     6: TraesCS1A02G310300   44.13   53.68   54.30   54.41   52.24  100.00   95.33   95.31   59.53   59.23   60.15
     7: TraesCS1B02G321500   44.49   53.03   54.25   54.06   51.97   95.33  100.00   95.86   59.13   59.20   60.12
     8: TraesCS1D02G309800   45.08   53.40   53.73   53.64   51.86   95.31   95.86  100.00   58.85   59.02   59.80
     9: TraesCS2A02G575700   40.63   48.84   52.64   52.75   51.47   59.53   59.13   58.85  100.00   92.38   94.06
    10: TraesCS2B02G611600   41.15   50.36   52.44   53.40   51.42   59.23   59.20   59.02   92.38  100.00   94.07
    11: TraesCS2D02G586500   41.36   51.37   53.02   53.53   52.96   60.15   60.12   59.80   94.06   94.07  100.00
