#
#
#  Percent Identity  Matrix - created by Clustal2.1 
#
#

     1: AT1G01070           100.00   47.37   47.11   48.06   49.29   49.82   47.79   48.77   47.25
     2: TraesCS6A02G008700   47.37  100.00   97.61   56.16   55.86   56.52   55.68   54.88   55.28
     3: TraesCS6D02G009900   47.11   97.61  100.00   56.01   55.61   56.84   55.94   55.01   55.53
     4: TraesCS6D02G009800   48.06   56.16   56.01  100.00   95.08   63.79   59.92   62.88   62.42
     5: TraesCS6B02G015400   49.29   55.86   55.61   95.08  100.00   64.07   62.96   63.28   63.85
     6: TraesCS4B02G086600   49.82   56.52   56.84   63.79   64.07  100.00   93.59   92.98   92.25
     7: TraesCS7A02G087800   47.79   55.68   55.94   59.92   62.96   93.59  100.00   93.01   92.09
     8: TraesCS4A02G386700   48.77   54.88   55.01   62.88   63.28   92.98   93.01  100.00   92.67
     9: TraesCS7D02G082900   47.25   55.28   55.53   62.42   63.85   92.25   92.09   92.67  100.00
