#
#
#  Percent Identity  Matrix - created by Clustal2.1 
#
#

     1: AT1G11450           100.00   45.90   46.18   44.61   44.79   45.22   45.19   45.11   45.45
     2: TraesCS6A02G008800   45.90  100.00   91.04   52.65   52.17   52.69   49.81   50.00   50.70
     3: TraesCS6B02G015400   46.18   91.04  100.00   51.68   51.65   52.77   49.78   49.61   50.75
     4: TraesCS1A02G310300   44.61   52.65   51.68  100.00   94.82   95.32   55.49   55.77   55.91
     5: TraesCS1B02G321500   44.79   52.17   51.65   94.82  100.00   95.95   55.35   55.60   56.00
     6: TraesCS1D02G309800   45.22   52.69   52.77   95.32   95.95  100.00   55.68   55.81   56.30
     7: TraesCS2A02G575700   45.19   49.81   49.78   55.49   55.35   55.68  100.00   92.38   94.06
     8: TraesCS2B02G611600   45.11   50.00   49.61   55.77   55.60   55.81   92.38  100.00   94.07
     9: TraesCS2D02G586500   45.45   50.70   50.75   55.91   56.00   56.30   94.06   94.07  100.00
