#
#
#  Percent Identity  Matrix - created by Clustal2.1 
#
#

     1: AT1G21890           100.00   47.55   43.58   50.11   50.00   55.39   55.06   55.57   51.33   50.38   50.91
     2: TraesCS7A02G490000   47.55  100.00   54.15   50.00   51.02   57.80   57.54   57.38   55.25   52.40   53.51
     3: TraesCS6D02G308800   43.58   54.15  100.00   77.10   76.39   58.70   58.32   58.72   56.60   56.42   56.56
     4: TraesCS6B02G360400   50.11   50.00   77.10  100.00   90.99   61.98   60.92   61.41   60.52   57.25   59.32
     5: TraesCS6D02G308500   50.00   51.02   76.39   90.99  100.00   61.36   59.75   60.69   60.83   56.85   59.31
     6: TraesCS1A02G310300   55.39   57.80   58.70   61.98   61.36  100.00   95.89   95.98   75.28   72.67   72.70
     7: TraesCS1B02G321500   55.06   57.54   58.32   60.92   59.75   95.89  100.00   96.63   75.18   72.60   72.47
     8: TraesCS1D02G309800   55.57   57.38   58.72   61.41   60.69   95.98   96.63  100.00   75.15   72.67   73.06
     9: TraesCS3A02G331900   51.33   55.25   56.60   60.52   60.83   75.28   75.18   75.15  100.00   93.98   95.38
    10: TraesCS3B02G362000   50.38   52.40   56.42   57.25   56.85   72.67   72.60   72.67   93.98  100.00   95.44
    11: TraesCS3D02G325400   50.91   53.51   56.56   59.32   59.31   72.70   72.47   73.06   95.38   95.44  100.00
