#
#
#  Percent Identity  Matrix - created by Clustal2.1 
#
#

     1: AT1G70260           100.00   42.97   43.75   45.25   45.36   46.66   47.57   48.03   47.43   47.59   47.45
     2: TraesCS1B02G321500   42.97  100.00   94.60   53.72   54.60   54.60   60.11   59.21   58.74   58.58   58.71
     3: TraesCS1D02G309800   43.75   94.60  100.00   53.63   54.64   54.41   59.76   58.38   58.32   58.28   58.42
     4: TraesCS3B02G026700   45.25   53.72   53.63  100.00   89.74   93.26   70.15   64.80   64.55   65.20   66.04
     5: TraesCS3A02G019600   45.36   54.60   54.64   89.74  100.00   94.29   71.33   67.13   66.28   66.87   66.40
     6: TraesCS3D02G027300   46.66   54.60   54.41   93.26   94.29  100.00   71.44   67.62   67.34   67.80   67.66
     7: TraesCS7A02G281700   47.57   60.11   59.76   70.15   71.33   71.44  100.00   90.67   89.53   89.45   89.37
     8: TraesCS3A02G007100   48.03   59.21   58.38   64.80   67.13   67.62   90.67  100.00   94.50   94.60   94.76
     9: TraesCS3D02G003600   47.43   58.74   58.32   64.55   66.28   67.34   89.53   94.50  100.00   94.58   94.63
    10: TraesCS3B02G011600   47.59   58.58   58.28   65.20   66.87   67.80   89.45   94.60   94.58  100.00   98.94
    11: TraesCS3B02G006900   47.45   58.71   58.42   66.04   66.40   67.66   89.37   94.76   94.63   98.94  100.00
