#
#
#  Percent Identity  Matrix - created by Clustal2.1 
#
#

     1: AT1G11450           100.00   43.60   43.81   43.60   46.16   49.18   49.27   50.03   42.48   42.45   42.74
     2: TraesCS3B02G011600   43.60  100.00   98.08   61.28   63.46   58.29   58.39   58.27   47.93   48.89   49.22
     3: TraesCS3B02G006900   43.81   98.08  100.00   62.12   63.46   57.85   58.20   58.08   48.79   48.79   49.30
     4: TraesCS3B02G026700   43.60   61.28   62.12  100.00   90.20   56.88   55.88   56.52   50.76   50.98   52.67
     5: TraesCS3D02G027300   46.16   63.46   63.46   90.20  100.00   56.86   56.52   56.26   51.85   52.30   53.13
     6: TraesCS1A02G310300   49.18   58.29   57.85   56.88   56.86  100.00   95.79   95.78   60.16   59.82   60.96
     7: TraesCS1B02G321500   49.27   58.39   58.20   55.88   56.52   95.79  100.00   96.48   59.59   59.58   60.67
     8: TraesCS1D02G309800   50.03   58.27   58.08   56.52   56.26   95.78   96.48  100.00   59.61   59.68   60.73
     9: TraesCS2A02G575700   42.48   47.93   48.79   50.76   51.85   60.16   59.59   59.61  100.00   92.38   94.06
    10: TraesCS2B02G611600   42.45   48.89   48.79   50.98   52.30   59.82   59.58   59.68   92.38  100.00   94.07
    11: TraesCS2D02G586500   42.74   49.22   49.30   52.67   53.13   60.96   60.67   60.73   94.06   94.07  100.00
