#
#
#  Percent Identity  Matrix - created by Clustal2.1 
#
#

     1: TraesCS4B02G262500  100.00   52.15   52.90   55.06   53.69   53.88   53.30   53.31   40.58   47.36   47.42
     2: TraesCS3B02G026700   52.15  100.00   94.41   94.57   65.12   65.41   66.13   67.07   42.97   49.08   49.64
     3: TraesCS3A02G019600   52.90   94.41  100.00   94.92   68.19   68.74   68.64   67.93   43.39   48.40   49.20
     4: TraesCS3D02G027300   55.06   94.57   94.92  100.00   68.14   68.88   68.56   68.41   44.42   50.63   50.34
     5: TraesCS3A02G007100   53.69   65.12   68.19   68.14  100.00   94.71   94.60   94.55   43.97   50.64   51.81
     6: TraesCS3D02G003600   53.88   65.41   68.74   68.88   94.71  100.00   94.77   94.83   43.72   50.52   51.54
     7: TraesCS3B02G011600   53.30   66.13   68.64   68.56   94.60   94.77  100.00   98.89   43.76   50.36   50.85
     8: TraesCS3B02G006900   53.31   67.07   67.93   68.41   94.55   94.83   98.89  100.00   43.92   49.84   50.71
     9: AT1G60050            40.58   42.97   43.39   44.42   43.97   43.72   43.76   43.92  100.00   47.71   48.52
    10: TraesCS1B02G023900   47.36   49.08   48.40   50.63   50.64   50.52   50.36   49.84   47.71  100.00   88.68
    11: TraesCS1A02G019800   47.42   49.64   49.20   50.34   51.81   51.54   50.85   50.71   48.52   88.68  100.00
