#
#
#  Percent Identity  Matrix - created by Clustal2.1 
#
#

     1: AT1G11450           100.00   46.99   48.33   48.35   41.15   45.70   45.39   46.50
     2: TraesCS3B02G026700   46.99  100.00   94.47   95.42   56.57   55.19   55.59   55.53
     3: TraesCS3A02G019600   48.33   94.47  100.00   96.18   56.66   56.28   57.67   56.70
     4: TraesCS3D02G027300   48.35   95.42   96.18  100.00   56.91   56.06   56.08   56.23
     5: TraesCS4A02G415600   41.15   56.57   56.66   56.91  100.00   53.09   53.72   49.11
     6: TraesCS4B02G086600   45.70   55.19   56.28   56.06   53.09  100.00   89.59   91.33
     7: TraesCS4A02G386700   45.39   55.59   57.67   56.08   53.72   89.59  100.00   87.59
     8: TraesCS7A02G087800   46.50   55.53   56.70   56.23   49.11   91.33   87.59  100.00
