#
#
#  Percent Identity  Matrix - created by Clustal2.1 
#
#

     1: AT1G44800           100.00   49.30   50.22   50.55   50.00   49.51   49.08   50.16   50.03   48.14   48.52
     2: TraesCS6B02G360400   49.30  100.00   90.76   91.20   80.73   76.17   76.98   58.40   61.02   56.37   58.49
     3: TraesCS6D02G308500   50.22   90.76  100.00   93.89   79.60   75.19   75.65   57.14   61.22   57.10   58.73
     4: TraesCS6A02G329600   50.55   91.20   93.89  100.00   79.65   75.62   76.50   58.57   60.69   56.99   59.28
     5: TraesCS6D02G308800   50.00   80.73   79.60   79.65  100.00   89.97   86.12   58.44   58.93   57.12   58.13
     6: TraesCS6B02G360700   49.51   76.17   75.19   75.62   89.97  100.00   87.50   59.68   61.34   58.56   59.37
     7: TraesCS6A02G329900   49.08   76.98   75.65   76.50   86.12   87.50  100.00   60.95   60.80   59.25   59.93
     8: TraesCS1B02G321500   50.16   58.40   57.14   58.57   58.44   59.68   60.95  100.00   71.30   68.05   69.04
     9: TraesCS3A02G331900   50.03   61.02   61.22   60.69   58.93   61.34   60.80   71.30  100.00   91.09   92.71
    10: TraesCS3B02G362000   48.14   56.37   57.10   56.99   57.12   58.56   59.25   68.05   91.09  100.00   93.05
    11: TraesCS3D02G325400   48.52   58.49   58.73   59.28   58.13   59.37   59.93   69.04   92.71   93.05  100.00
