#
#
#  Percent Identity  Matrix - created by Clustal2.1 
#
#

     1: AT1G21890           100.00   48.92   43.96   49.12   49.70   54.25   54.36   54.44   52.12   50.38   50.75
     2: TraesCS6B02G360800   48.92  100.00   73.48   67.48   68.71   60.28   59.90   60.67   61.31   56.80   59.36
     3: TraesCS6D02G308800   43.96   73.48  100.00   78.46   77.69   57.50   57.02   57.25   55.96   56.16   56.44
     4: TraesCS6B02G360400   49.12   67.48   78.46  100.00   90.99   62.50   61.37   62.21   61.29   57.06   58.70
     5: TraesCS6D02G308500   49.70   68.71   77.69   90.99  100.00   61.37   59.89   61.73   61.19   57.47   59.06
     6: TraesCS1A02G310300   54.25   60.28   57.50   62.50   61.37  100.00   95.46   95.98   75.34   72.67   72.70
     7: TraesCS1B02G321500   54.36   59.90   57.02   61.37   59.89   95.46  100.00   96.38   75.06   72.28   72.21
     8: TraesCS1D02G309800   54.44   60.67   57.25   62.21   61.73   95.98   96.38  100.00   75.22   72.61   73.06
     9: TraesCS3A02G331900   52.12   61.31   55.96   61.29   61.19   75.34   75.06   75.22  100.00   92.70   94.45
    10: TraesCS3B02G362000   50.38   56.80   56.16   57.06   57.47   72.67   72.28   72.61   92.70  100.00   95.44
    11: TraesCS3D02G325400   50.75   59.36   56.44   58.70   59.06   72.70   72.21   73.06   94.45   95.44  100.00
