#
#
#  Percent Identity  Matrix - created by Clustal2.1 
#
#

     1: TraesCS7A02G526900  100.00   51.89   45.17   52.48   52.57   53.16   54.82   56.27   55.70   55.35   55.05
     2: TraesCS1B02G321500   51.89  100.00   47.03   55.41   55.40   55.20   58.80   56.38   56.01   56.02   55.91
     3: AT1G75500            45.17   47.03  100.00   54.83   55.92   55.46   64.25   61.00   60.40   60.92   60.92
     4: TraesCS3B02G026700   52.48   55.41   54.83  100.00   93.07   94.59   70.38   65.01   64.23   64.19   65.44
     5: TraesCS3A02G019600   52.57   55.40   55.92   93.07  100.00   95.27   70.56   67.23   66.73   66.17   65.40
     6: TraesCS3D02G027300   53.16   55.20   55.46   94.59   95.27  100.00   70.53   67.63   67.43   67.00   66.78
     7: TraesCS7A02G281700   54.82   58.80   64.25   70.38   70.56   70.53  100.00   90.31   89.68   89.78   89.77
     8: TraesCS3A02G007100   56.27   56.38   61.00   65.01   67.23   67.63   90.31  100.00   93.82   94.14   93.94
     9: TraesCS3D02G003600   55.70   56.01   60.40   64.23   66.73   67.43   89.68   93.82  100.00   94.55   94.55
    10: TraesCS3B02G011600   55.35   56.02   60.92   64.19   66.17   67.00   89.78   94.14   94.55  100.00   98.89
    11: TraesCS3B02G006900   55.05   55.91   60.92   65.44   65.40   66.78   89.77   93.94   94.55   98.89  100.00
