#
#
#  Percent Identity  Matrix - created by Clustal2.1 
#
#

     1: TraesCS7A02G526900  100.00   56.15   59.76   59.74   53.62   53.83   53.20   46.22   49.67   49.64   49.80
     2: TraesCS3A02G196000   56.15  100.00   85.98   85.66   53.59   53.49   54.04   45.64   41.50   41.68   48.50
     3: TraesCS3D02G199100   59.76   85.98  100.00   95.36   56.45   56.00   56.53   48.53   49.67   49.94   50.02
     4: TraesCS3B02G227600   59.74   85.66   95.36  100.00   56.46   56.07   56.57   48.39   49.60   49.93   50.02
     5: TraesCS1A02G310300   53.62   53.59   56.45   56.46  100.00   95.29   95.34   47.88   53.47   53.60   53.46
     6: TraesCS1B02G321500   53.83   53.49   56.00   56.07   95.29  100.00   95.65   48.31   54.15   54.12   53.98
     7: TraesCS1D02G309800   53.20   54.04   56.53   56.57   95.34   95.65  100.00   48.32   54.21   54.11   54.10
     8: AT1G09380            46.22   45.64   48.53   48.39   47.88   48.31   48.32  100.00   46.86   47.18   47.31
     9: TraesCS3B02G371400   49.67   41.50   49.67   49.60   53.47   54.15   54.21   46.86  100.00   86.64   96.92
    10: TraesCS3A02G339800   49.64   41.68   49.94   49.93   53.60   54.12   54.11   47.18   86.64  100.00   96.91
    11: TraesCS3D02G333300   49.80   48.50   50.02   50.02   53.46   53.98   54.10   47.31   96.92   96.91  100.00
