#
#
#  Percent Identity  Matrix - created by Clustal2.1 
#
#

     1: AT2G40900           100.00   57.23   55.85   56.99   55.81   54.99   54.32   46.71   48.32   48.73   46.71
     2: TraesCS1A02G310300   57.23  100.00   95.34   95.27   73.95   71.70   72.65   56.19   58.09   57.94   58.12
     3: TraesCS1B02G321500   55.85   95.34  100.00   96.06   74.30   71.86   72.54   55.86   57.80   57.47   57.29
     4: TraesCS1D02G309800   56.99   95.27   96.06  100.00   74.54   72.04   73.19   56.21   58.23   57.76   57.80
     5: TraesCS3A02G331900   55.81   73.95   74.30   74.54  100.00   91.72   93.15   53.23   57.30   57.69   57.13
     6: TraesCS3B02G362000   54.99   71.70   71.86   72.04   91.72  100.00   94.30   52.66   54.38   54.68   55.09
     7: TraesCS3D02G325400   54.32   72.65   72.54   73.19   93.15   94.30  100.00   53.12   56.25   56.18   56.19
     8: TraesCS6D02G308800   46.71   56.19   55.86   56.21   53.23   52.66   53.12  100.00   61.70   61.33   61.38
     9: TraesCS7A02G169100   48.32   58.09   57.80   58.23   57.30   54.38   56.25   61.70  100.00   94.69   94.61
    10: TraesCS7B02G073900   48.73   57.94   57.47   57.76   57.69   54.68   56.18   61.33   94.69  100.00   94.88
    11: TraesCS7D02G170200   46.71   58.12   57.29   57.80   57.13   55.09   56.19   61.38   94.61   94.88  100.00
