#
#
#  Percent Identity  Matrix - created by Clustal2.1 
#
#

     1: AT2G37460           100.00   45.19   49.48   47.89   48.97   54.87   53.97   54.87   54.29   52.73   53.10
     2: TraesCS6B02G360400   45.19  100.00   74.42   76.86   66.58   62.35   61.01   61.60   60.83   56.80   58.76
     3: TraesCS6D02G308900   49.48   74.42  100.00   68.88   75.08   61.05   60.69   61.09   61.54   59.74   59.39
     4: TraesCS6D02G308800   47.89   76.86   68.88  100.00   82.96   58.60   57.99   58.19   56.13   55.48   55.80
     5: TraesCS6A02G329900   48.97   66.58   75.08   82.96  100.00   62.51   61.64   61.83   59.87   58.44   58.89
     6: TraesCS1A02G310300   54.87   62.35   61.05   58.60   62.51  100.00   95.69   95.93   75.15   72.33   72.56
     7: TraesCS1B02G321500   53.97   61.01   60.69   57.99   61.64   95.69  100.00   96.48   74.85   72.06   72.46
     8: TraesCS1D02G309800   54.87   61.60   61.09   58.19   61.83   95.93   96.48  100.00   74.94   72.51   72.67
     9: TraesCS3A02G331900   54.29   60.83   61.54   56.13   59.87   75.15   74.85   74.94  100.00   92.14   94.14
    10: TraesCS3B02G362000   52.73   56.80   59.74   55.48   58.44   72.33   72.06   72.51   92.14  100.00   94.04
    11: TraesCS3D02G325400   53.10   58.76   59.39   55.80   58.89   72.56   72.46   72.67   94.14   94.04  100.00
