#
#
#  Percent Identity  Matrix - created by Clustal2.1 
#
#

     1: AT2G37450           100.00   50.98   52.62   52.47   53.04   52.87   52.06   47.95   50.89   51.17
     2: TraesCS6A02G329800   50.98  100.00   72.54   70.66   74.86   80.57   77.24   77.81   75.46   78.96
     3: TraesCS6B02G360400   52.62   72.54  100.00   90.64   91.26   82.16   75.80   82.30   78.87   79.95
     4: TraesCS6D02G308500   52.47   70.66   90.64  100.00   93.89   80.41   77.18   81.02   78.66   79.36
     5: TraesCS6A02G329600   53.04   74.86   91.26   93.89  100.00   82.59   77.78   81.46   78.75   79.45
     6: TraesCS6D02G308900   52.87   80.57   82.16   80.41   82.59  100.00   91.01   76.23   80.65   84.37
     7: TraesCS6B02G360800   52.06   77.24   75.80   77.18   77.78   91.01  100.00   78.19   78.14   79.72
     8: TraesCS6D02G308800   47.95   77.81   82.30   81.02   81.46   76.23   78.19  100.00   89.06   86.33
     9: TraesCS6B02G360700   50.89   75.46   78.87   78.66   78.75   80.65   78.14   89.06  100.00   89.78
    10: TraesCS6A02G329900   51.17   78.96   79.95   79.36   79.45   84.37   79.72   86.33   89.78  100.00
