#
#
#  Percent Identity  Matrix - created by Clustal2.1 
#
#

     1: TraesCS7A02G409900  100.00   90.54   90.55   52.54   54.28   57.20   58.24   57.44
     2: TraesCS7B02G309300   90.54  100.00   91.63   52.58   56.06   57.02   59.06   57.10
     3: TraesCS7D02G403100   90.55   91.63  100.00   52.33   55.21   55.42   58.08   55.29
     4: TraesCS3B02G011600   52.54   52.58   52.33  100.00   47.39   52.15   52.18   52.42
     5: AT3G45870            54.28   56.06   55.21   47.39  100.00   60.56   60.55   61.05
     6: TraesCS6B02G298700   57.20   57.02   55.42   52.15   60.56  100.00   95.34   95.87
     7: TraesCS6A02G271500   58.24   59.06   58.08   52.18   60.55   95.34  100.00   96.89
     8: TraesCS6D02G251700   57.44   57.10   55.29   52.42   61.05   95.87   96.89  100.00
