#
#
#  Percent Identity  Matrix - created by Clustal2.1 
#
#

     1: AT3G56620           100.00   50.59   49.79   50.68   52.21   57.94   57.63   57.89   56.59   54.41   54.06
     2: TraesCS6B02G360400   50.59  100.00   77.49   67.17   58.42   60.72   59.74   60.07   58.84   55.60   56.98
     3: TraesCS6D02G308800   49.79   77.49  100.00   84.37   56.98   59.07   58.90   58.84   56.52   56.18   56.34
     4: TraesCS6A02G329900   50.68   67.17   84.37  100.00   60.48   64.53   63.41   63.77   60.43   59.34   60.19
     5: TraesCS1A02G256700   52.21   58.42   56.98   60.48  100.00   69.13   69.01   68.45   72.25   68.68   68.62
     6: TraesCS1A02G310300   57.94   60.72   59.07   64.53   69.13  100.00   95.89   95.98   75.28   72.82   72.66
     7: TraesCS1B02G321500   57.63   59.74   58.90   63.41   69.01   95.89  100.00   96.63   75.12   72.44   72.50
     8: TraesCS1D02G309800   57.89   60.07   58.84   63.77   68.45   95.98   96.63  100.00   75.09   72.78   72.82
     9: TraesCS3A02G331900   56.59   58.84   56.52   60.43   72.25   75.28   75.12   75.09  100.00   92.41   94.60
    10: TraesCS3B02G362000   54.41   55.60   56.18   59.34   68.68   72.82   72.44   72.78   92.41  100.00   94.12
    11: TraesCS3D02G325400   54.06   56.98   56.34   60.19   68.62   72.66   72.50   72.82   94.60   94.12  100.00
