(
AT3G28130:0.45839,
TraesCS6B02G360500:0.01359,
TraesCS6D02G308600:0.03760);
