#
#
#  Percent Identity  Matrix - created by Clustal2.1 
#
#

     1: AT3G28130           100.00   40.94   47.30   46.89   47.35   48.72   48.13   48.31   50.39   49.33   49.49
     2: TraesCS5A02G015800   40.94  100.00   51.32   50.85   51.98   51.64   51.41   51.44   51.26   50.95   50.39
     3: TraesCS1A02G256700   47.30   51.32  100.00   94.06   96.48   68.59   68.42   68.01   71.81   68.92   68.42
     4: TraesCS1D02G256100   46.89   50.85   94.06  100.00   95.56   67.10   66.60   66.99   71.50   68.49   67.33
     5: TraesCS1B02G267300   47.35   51.98   96.48   95.56  100.00   68.03   67.72   67.54   71.46   68.74   68.02
     6: TraesCS1A02G310300   48.72   51.64   68.59   67.10   68.03  100.00   95.89   95.98   75.28   72.67   72.70
     7: TraesCS1B02G321500   48.13   51.41   68.42   66.60   67.72   95.89  100.00   96.63   75.18   72.60   72.47
     8: TraesCS1D02G309800   48.31   51.44   68.01   66.99   67.54   95.98   96.63  100.00   75.15   72.67   73.06
     9: TraesCS3A02G331900   50.39   51.26   71.81   71.50   71.46   75.28   75.18   75.15  100.00   93.98   95.38
    10: TraesCS3B02G362000   49.33   50.95   68.92   68.49   68.74   72.67   72.60   72.67   93.98  100.00   95.44
    11: TraesCS3D02G325400   49.49   50.39   68.42   67.33   68.02   72.70   72.47   73.06   95.38   95.44  100.00
