#
#
#  Percent Identity  Matrix - created by Clustal2.1 
#
#

     1: AT3G30340           100.00   48.09   53.08   52.69   53.03   50.86   49.97   51.12
     2: TraesCS7D02G022800   48.09  100.00   58.47   58.23   58.82   60.89   61.24   58.99
     3: TraesCS4A02G464200   53.08   58.47  100.00   95.29   95.12   69.01   70.73   67.43
     4: TraesCS7D02G022700   52.69   58.23   95.29  100.00   95.58   70.39   72.09   69.07
     5: TraesCS7A02G024800   53.03   58.82   95.12   95.58  100.00   70.66   72.84   69.42
     6: TraesCS6B02G015400   50.86   60.89   69.01   70.39   70.66  100.00   93.47   94.17
     7: TraesCS6A02G008800   49.97   61.24   70.73   72.09   72.84   93.47  100.00   96.02
     8: TraesCS6D02G009800   51.12   58.99   67.43   69.07   69.42   94.17   96.02  100.00
