#
#
#  Percent Identity  Matrix - created by Clustal2.1 
#
#

     1: TraesCS1B02G321500  100.00   62.63   48.59   54.14   53.82   53.62   59.60   58.08   57.16   56.91   56.96
     2: TraesCS3B02G362000   62.63  100.00   47.20   53.63   54.29   54.14   58.84   56.03   55.41   56.21   56.12
     3: AT3G18200            48.59   47.20  100.00   57.69   57.58   58.67   61.26   61.31   61.31   60.75   60.59
     4: TraesCS3B02G026700   54.14   53.63   57.69  100.00   92.02   92.19   70.52   65.27   64.62   64.67   65.50
     5: TraesCS3A02G019600   53.82   54.29   57.58   92.02  100.00   92.89   70.91   66.64   66.28   66.21   65.63
     6: TraesCS3D02G027300   53.62   54.14   58.67   92.19   92.89  100.00   70.87   67.12   67.25   66.85   66.67
     7: TraesCS7A02G281700   59.60   58.84   61.26   70.52   70.91   70.87  100.00   90.77   89.89   89.78   89.76
     8: TraesCS3A02G007100   58.08   56.03   61.31   65.27   66.64   67.12   90.77  100.00   94.76   94.84   94.92
     9: TraesCS3D02G003600   57.16   55.41   61.31   64.62   66.28   67.25   89.89   94.76  100.00   95.29   95.45
    10: TraesCS3B02G011600   56.91   56.21   60.75   64.67   66.21   66.85   89.78   94.84   95.29  100.00   98.94
    11: TraesCS3B02G006900   56.96   56.12   60.59   65.50   65.63   66.67   89.76   94.92   95.45   98.94  100.00
