#
#
#  Percent Identity  Matrix - created by Clustal2.1 
#
#

     1: TraesCS7A02G409900  100.00   90.79   91.10   51.60   55.49   57.35   57.84   57.72
     2: TraesCS7B02G309300   90.79  100.00   93.17   52.34   56.61   56.79   57.90   57.12
     3: TraesCS7D02G403100   91.10   93.17  100.00   51.63   55.46   55.39   57.49   55.64
     4: TraesCS3D02G003600   51.60   52.34   51.63  100.00   47.39   52.76   53.01   54.20
     5: AT3G45870            55.49   56.61   55.46   47.39  100.00   60.10   59.71   60.95
     6: TraesCS6B02G298700   57.35   56.79   55.39   52.76   60.10  100.00   95.24   95.55
     7: TraesCS6A02G271500   57.84   57.90   57.49   53.01   59.71   95.24  100.00   96.86
     8: TraesCS6D02G251700   57.72   57.12   55.64   54.20   60.95   95.55   96.86  100.00
