#
#
#  Percent Identity  Matrix - created by Clustal2.1 
#
#

     1: AT3G28070           100.00   45.54   44.44   42.77   41.82   44.85   45.44   45.32   43.96   44.35   43.52
     2: TraesCS5B02G014100   45.54  100.00   87.90   85.99   54.31   56.89   56.88   56.78   53.85   53.74   54.02
     3: TraesCS5D02G021800   44.44   87.90  100.00   89.05   54.17   55.26   54.75   54.91   54.19   54.19   54.34
     4: TraesCS5A02G015800   42.77   85.99   89.05  100.00   50.11   51.61   51.11   51.64   51.39   50.28   50.52
     5: TraesCS1B02G267300   41.82   54.31   54.17   50.11  100.00   67.86   67.38   67.16   71.16   68.86   68.86
     6: TraesCS1A02G310300   44.85   56.89   55.26   51.61   67.86  100.00   95.23   95.98   75.28   72.67   72.70
     7: TraesCS1B02G321500   45.44   56.88   54.75   51.11   67.38   95.23  100.00   95.99   74.75   72.38   72.10
     8: TraesCS1D02G309800   45.32   56.78   54.91   51.64   67.16   95.98   95.99  100.00   75.15   72.67   73.06
     9: TraesCS3A02G331900   43.96   53.85   54.19   51.39   71.16   75.28   74.75   75.15  100.00   93.98   95.38
    10: TraesCS3B02G362000   44.35   53.74   54.19   50.28   68.86   72.67   72.38   72.67   93.98  100.00   95.44
    11: TraesCS3D02G325400   43.52   54.02   54.34   50.52   68.86   72.70   72.10   73.06   95.38   95.44  100.00
