#
#
#  Percent Identity  Matrix - created by Clustal2.1 
#
#

     1: TraesCS7A02G409900  100.00   91.68   91.88   50.06   53.95   57.65   58.78   58.47
     2: TraesCS7B02G309300   91.68  100.00   94.17   49.53   55.72   56.67   58.66   57.60
     3: TraesCS7D02G403100   91.88   94.17  100.00   49.29   54.54   55.65   58.08   56.21
     4: TraesCS1A02G095600   50.06   49.53   49.29  100.00   45.04   50.62   51.01   51.15
     5: AT3G45870            53.95   55.72   54.54   45.04  100.00   60.06   59.73   59.98
     6: TraesCS6B02G298700   57.65   56.67   55.65   50.62   60.06  100.00   95.10   95.55
     7: TraesCS6A02G271500   58.78   58.66   58.08   51.01   59.73   95.10  100.00   96.83
     8: TraesCS6D02G251700   58.47   57.60   56.21   51.15   59.98   95.55   96.83  100.00
