(
TraesCS1D02G161800:0.05299,
TraesCS1B02G181600:0.01515,
TraesCS1A02G164700:0.02464);
