#
#
#  Percent Identity  Matrix - created by Clustal2.1 
#
#

     1: AT3G28050           100.00   44.64   45.46   44.95   44.80   44.80   44.24   47.91   47.80   44.63
     2: TraesCS6D02G308600   44.64  100.00   94.12   85.72   67.93   69.21   75.01   44.17   50.07   44.22
     3: TraesCS6B02G360500   45.46   94.12  100.00   95.03   86.65   87.05   87.37   50.71   51.39   48.29
     4: TraesCS6A02G329700   44.95   85.72   95.03  100.00   68.17   69.77   75.98   44.78   50.30   44.08
     5: TraesCS6B02G360600   44.80   67.93   86.65   68.17  100.00   90.84   88.26   46.95   50.86   46.48
     6: TraesCS6D02G308700   44.80   69.21   87.05   69.77   90.84  100.00   92.91   46.79   51.17   45.20
     7: TraesCS6A02G329800   44.24   75.01   87.37   75.98   88.26   92.91  100.00   47.71   51.25   47.02
     8: TraesCS5B02G219600   47.91   44.17   50.71   44.78   46.95   46.79   47.71  100.00   91.88   67.95
     9: TraesCS5A02G220500   47.80   50.07   51.39   50.30   50.86   51.17   51.25   91.88  100.00   88.42
    10: TraesCS5D02G228500   44.63   44.22   48.29   44.08   46.48   45.20   47.02   67.95   88.42  100.00
