#
#
#  Percent Identity  Matrix - created by Clustal2.1 
#
#

     1: AT3G28080           100.00   43.32   40.33   46.52   46.09   51.98   52.11   51.38   47.78   47.64   47.77
     2: TraesCS7A02G526900   43.32  100.00   51.54   54.61   54.43   56.65   56.69   56.63   52.16   52.67   51.96
     3: TraesCS3B02G011600   40.33   51.54  100.00   58.66   58.23   56.15   56.19   55.96   57.78   56.06   56.45
     4: TraesCS1D02G256100   46.52   54.61   58.66  100.00   96.54   68.05   67.63   68.24   71.49   68.80   67.70
     5: TraesCS1B02G267300   46.09   54.43   58.23   96.54  100.00   69.21   68.71   68.51   71.23   68.71   68.21
     6: TraesCS1A02G310300   51.98   56.65   56.15   68.05   69.21  100.00   95.89   95.98   75.28   72.67   72.70
     7: TraesCS1B02G321500   52.11   56.69   56.19   67.63   68.71   95.89  100.00   96.63   75.18   72.60   72.47
     8: TraesCS1D02G309800   51.38   56.63   55.96   68.24   68.51   95.98   96.63  100.00   75.15   72.67   73.06
     9: TraesCS3A02G331900   47.78   52.16   57.78   71.49   71.23   75.28   75.18   75.15  100.00   93.98   95.38
    10: TraesCS3B02G362000   47.64   52.67   56.06   68.80   68.71   72.67   72.60   72.67   93.98  100.00   95.44
    11: TraesCS3D02G325400   47.77   51.96   56.45   67.70   68.21   72.70   72.47   73.06   95.38   95.44  100.00
