#
#
#  Percent Identity  Matrix - created by Clustal2.1 
#
#

     1: TraesCS4A02G386700  100.00   47.99   44.19   51.90   52.78   52.39   59.79   57.79   57.52   57.34   57.28
     2: TraesCS4D02G313000   47.99  100.00   47.04   52.52   53.08   53.60   56.10   55.37   55.22   55.27   54.79
     3: AT3G18200            44.19   47.04  100.00   58.34   58.86   60.27   61.59   60.63   61.22   60.55   60.30
     4: TraesCS3B02G026700   51.90   52.52   58.34  100.00   92.04   92.26   70.68   65.55   65.23   65.27   65.75
     5: TraesCS3A02G019600   52.78   53.08   58.86   92.04  100.00   95.28   71.07   66.95   66.46   66.67   66.22
     6: TraesCS3D02G027300   52.39   53.60   60.27   92.26   95.28  100.00   71.13   67.49   67.77   67.57   67.39
     7: TraesCS7A02G281700   59.79   56.10   61.59   70.68   71.07   71.13  100.00   89.13   88.75   88.45   88.52
     8: TraesCS3A02G007100   57.79   55.37   60.63   65.55   66.95   67.49   89.13  100.00   93.97   94.31   94.23
     9: TraesCS3D02G003600   57.52   55.22   61.22   65.23   66.46   67.77   88.75   93.97  100.00   94.63   94.73
    10: TraesCS3B02G011600   57.34   55.27   60.55   65.27   66.67   67.57   88.45   94.31   94.63  100.00   98.94
    11: TraesCS3B02G006900   57.28   54.79   60.30   65.75   66.22   67.39   88.52   94.23   94.73   98.94  100.00
