#
#
#  Percent Identity  Matrix - created by Clustal2.1 
#
#

     1: TraesCS1A02G256700  100.00   95.16   96.37   68.47   68.07   68.18   71.21   67.99   68.37   50.94   44.50
     2: TraesCS1D02G256100   95.16  100.00   96.88   67.36   66.86   67.48   71.18   67.50   68.03   50.29   43.98
     3: TraesCS1B02G267300   96.37   96.88  100.00   68.26   67.85   68.08   71.13   67.73   67.82   51.67   44.52
     4: TraesCS1A02G310300   68.47   67.36   68.26  100.00   94.74   94.28   73.73   70.59   70.75   53.27   48.47
     5: TraesCS1B02G321500   68.07   66.86   67.85   94.74  100.00   95.14   74.05   70.73   70.96   53.74   47.94
     6: TraesCS1D02G309800   68.18   67.48   68.08   94.28   95.14  100.00   74.48   71.29   71.76   53.56   47.81
     7: TraesCS3A02G331900   71.21   71.18   71.13   73.73   74.05   74.48  100.00   91.48   93.15   53.65   49.12
     8: TraesCS3B02G362000   67.99   67.50   67.73   70.59   70.73   71.29   91.48  100.00   93.28   51.99   47.18
     9: TraesCS3D02G325400   68.37   68.03   67.82   70.75   70.96   71.76   93.15   93.28  100.00   51.77   47.38
    10: TraesCS5A02G015800   50.94   50.29   51.67   53.27   53.74   53.56   53.65   51.99   51.77  100.00   44.94
    11: AT3G28100            44.50   43.98   44.52   48.47   47.94   47.81   49.12   47.18   47.38   44.94  100.00
