#
#
#  Percent Identity  Matrix - created by Clustal2.1 
#
#

     1: TraesCS3B02G026700  100.00   93.40   92.99   70.43   65.27   64.64   64.81   65.83   50.79   47.09   47.15
     2: TraesCS3A02G019600   93.40  100.00   95.65   70.71   66.90   66.94   66.64   65.99   51.57   48.51   47.09
     3: TraesCS3D02G027300   92.99   95.65  100.00   70.87   67.39   67.72   67.39   67.44   51.55   49.26   49.45
     4: TraesCS7A02G281700   70.43   70.71   70.87  100.00   90.77   89.91   89.78   89.76   54.83   51.86   52.66
     5: TraesCS3A02G007100   65.27   66.90   67.39   90.77  100.00   94.81   94.84   94.92   56.89   51.97   51.86
     6: TraesCS3D02G003600   64.64   66.94   67.72   89.91   94.81  100.00   95.29   95.45   56.18   51.15   51.14
     7: TraesCS3B02G011600   64.81   66.64   67.39   89.78   94.84   95.29  100.00   98.94   56.18   51.35   51.23
     8: TraesCS3B02G006900   65.83   65.99   67.44   89.76   94.92   95.45   98.94  100.00   56.59   51.17   51.09
     9: AT3G53210            50.79   51.57   51.55   54.83   56.89   56.18   56.18   56.59  100.00   42.95   43.59
    10: TraesCS7A02G490000   47.09   48.51   49.26   51.86   51.97   51.15   51.35   51.17   42.95  100.00   86.73
    11: TraesCS7D02G476400   47.15   47.09   49.45   52.66   51.86   51.14   51.23   51.09   43.59   86.73  100.00
