#
#
#  Percent Identity  Matrix - created by Clustal2.1 
#
#

     1: AT4G16620           100.00   40.49   48.47   46.85   44.77   44.25   45.21   37.44   44.19
     2: TraesCS2A02G575700   40.49  100.00   45.78   45.32   50.39   50.73   50.85   40.05   47.71
     3: TraesCS2A02G231600   48.47   45.78  100.00   96.27   52.32   52.36   52.05   41.80   47.13
     4: TraesCS2B02G255800   46.85   45.32   96.27  100.00   51.41   51.96   52.53   42.63   47.15
     5: TraesCS2B02G245300   44.77   50.39   52.32   51.41  100.00   95.87   96.07   52.87   56.59
     6: TraesCS2A02G219700   44.25   50.73   52.36   51.96   95.87  100.00   96.38   52.40   57.01
     7: TraesCS2D02G225500   45.21   50.85   52.05   52.53   96.07   96.38  100.00   52.57   56.66
     8: TraesCS7D02G472200   37.44   40.05   41.80   42.63   52.87   52.40   52.57  100.00   52.26
     9: TraesCS6A02G330000   44.19   47.71   47.13   47.15   56.59   57.01   56.66   52.26  100.00
