(
TraesCS2B02G545100:0.03936,
TraesCS2A02G516300:0.02854,
TraesCS2D02G518100:0.02813);
