#
#
#  Percent Identity  Matrix - created by Clustal2.1 
#
#

     1: AT4G01440           100.00   47.05   51.97   52.52   52.94   51.87   53.25   51.14
     2: TraesCS6A02G009400   47.05  100.00   57.45   57.26   57.37   61.01   61.88   59.19
     3: TraesCS4A02G464200   51.97   57.45  100.00   95.66   95.61   69.02   71.17   67.19
     4: TraesCS7D02G022700   52.52   57.26   95.66  100.00   96.10   70.44   72.16   68.70
     5: TraesCS7A02G024800   52.94   57.37   95.61   96.10  100.00   70.73   72.83   69.00
     6: TraesCS6B02G015400   51.87   61.01   69.02   70.44   70.73  100.00   93.51   94.34
     7: TraesCS6A02G008800   53.25   61.88   71.17   72.16   72.83   93.51  100.00   95.73
     8: TraesCS6D02G009800   51.14   59.19   67.19   68.70   69.00   94.34   95.73  100.00
