#
#
#  Percent Identity  Matrix - created by Clustal2.1 
#
#

     1: AT4G15540           100.00   45.45   46.72   49.77   48.84   50.38   50.68   40.98   44.37
     2: TraesCS6D02G009800   45.45  100.00   93.35   50.96   49.32   49.98   50.19   41.95   48.13
     3: TraesCS6B02G015400   46.72   93.35  100.00   50.68   49.72   50.59   50.22   42.08   48.82
     4: TraesCS1A02G019700   49.77   50.96   50.68  100.00   87.89   89.79   90.66   49.39   50.75
     5: TraesCS1B02G023900   48.84   49.32   49.72   87.89  100.00   90.08   91.22   49.83   50.23
     6: TraesCS1D02G019300   50.38   49.98   50.59   89.79   90.08  100.00   96.89   50.62   50.77
     7: TraesCS1A02G019800   50.68   50.19   50.22   90.66   91.22   96.89  100.00   50.86   50.59
     8: TraesCS2A02G575700   40.98   41.95   42.08   49.39   49.83   50.62   50.86  100.00   44.56
     9: TraesCS4B02G028400   44.37   48.13   48.82   50.75   50.23   50.77   50.59   44.56  100.00
