#
#
#  Percent Identity  Matrix - created by Clustal2.1 
#
#

     1: AT4G30420           100.00   49.49   49.41   49.97   46.72   46.95   46.82   47.18   47.28
     2: TraesCS5A02G220400   49.49  100.00   88.32   89.44   56.38   53.02   52.82   54.20   54.62
     3: TraesCS5B02G219500   49.41   88.32  100.00   90.80   55.41   52.49   52.27   53.53   53.92
     4: TraesCS5D02G228400   49.97   89.44   90.80  100.00   57.05   54.32   53.79   54.96   55.23
     5: TraesCS7A02G281700   46.72   56.38   55.41   57.05  100.00   90.18   89.39   89.56   89.45
     6: TraesCS3A02G007100   46.95   53.02   52.49   54.32   90.18  100.00   92.71   93.72   93.80
     7: TraesCS3D02G003600   46.82   52.82   52.27   53.79   89.39   92.71  100.00   94.49   94.84
     8: TraesCS3B02G011600   47.18   54.20   53.53   54.96   89.56   93.72   94.49  100.00   98.79
     9: TraesCS3B02G006900   47.28   54.62   53.92   55.23   89.45   93.80   94.84   98.79  100.00
