#
#
#  Percent Identity  Matrix - created by Clustal2.1 
#
#

     1: AT4G01440           100.00   50.58   50.06   51.08   53.02   51.05   51.44   53.15
     2: TraesCS4B02G086600   50.58  100.00   92.11   60.79   60.92   61.96   60.04   60.38
     3: TraesCS7A02G087800   50.06   92.11  100.00   59.33   61.03   58.28   57.35   57.90
     4: TraesCS6B02G015400   51.08   60.79   59.33  100.00   93.32   94.16   68.22   70.33
     5: TraesCS6A02G008800   53.02   60.92   61.03   93.32  100.00   96.15   69.78   72.19
     6: TraesCS6D02G009800   51.05   61.96   58.28   94.16   96.15  100.00   66.73   69.09
     7: TraesCS4A02G464200   51.44   60.04   57.35   68.22   69.78   66.73  100.00   94.31
     8: TraesCS7A02G024800   53.15   60.38   57.90   70.33   72.19   69.09   94.31  100.00
