#
#
#  Percent Identity  Matrix - created by Clustal2.1 
#
#

     1: TraesCS2B02G255800  100.00   90.72   44.71   46.81   44.78   44.81   45.52   53.64   53.09   46.99
     2: TraesCS2A02G231600   90.72  100.00   46.80   46.85   45.99   45.85   47.31   55.33   52.25   56.06
     3: TraesCS6B02G360800   44.71   46.80  100.00   86.69   84.96   85.11   43.86   50.24   50.21   47.57
     4: TraesCS6B02G360900   46.81   46.85   86.69  100.00   93.24   94.30   44.37   51.40   50.48   49.40
     5: TraesCS6A02G330100   44.78   45.99   84.96   93.24  100.00   95.12   44.33   50.11   49.57   48.00
     6: TraesCS6D02G309000   44.81   45.85   85.11   94.30   95.12  100.00   44.60   51.65   51.04   47.49
     7: AT4G16620            45.52   47.31   43.86   44.37   44.33   44.60  100.00   50.84   51.08   47.41
     8: TraesCS7A02G300400   53.64   55.33   50.24   51.40   50.11   51.65   50.84  100.00   95.62   76.45
     9: TraesCS7D02G296100   53.09   52.25   50.21   50.48   49.57   51.04   51.08   95.62  100.00   76.01
    10: TraesCS7B02G201300   46.99   56.06   47.57   49.40   48.00   47.49   47.41   76.45   76.01  100.00
