#
#
#  Percent Identity  Matrix - created by Clustal2.1 
#
#

     1: TraesCS6A02G008700  100.00   97.26   46.42   48.29   48.16   47.45   45.67   49.41   42.17   44.91
     2: TraesCS6D02G009900   97.26  100.00   46.06   47.78   47.59   47.09   45.48   49.54   42.14   44.87
     3: AT4G08290            46.42   46.06  100.00   50.68   51.10   51.72   41.65   47.75   44.29   48.10
     4: TraesCS7B02G393200   48.29   47.78   50.68  100.00   92.18   92.78   47.24   54.07   50.41   50.14
     5: TraesCS7A02G490000   48.16   47.59   51.10   92.18  100.00   92.92   46.82   53.93   50.38   51.02
     6: TraesCS7D02G476400   47.45   47.09   51.72   92.78   92.92  100.00   47.06   54.26   49.65   51.89
     7: TraesCS4B02G028400   45.67   45.48   41.65   47.24   46.82   47.06  100.00   46.99   47.71   48.96
     8: TraesCS1A02G310300   49.41   49.54   47.75   54.07   53.93   54.26   46.99  100.00   52.91   57.34
     9: TraesCS6D02G308800   42.17   42.14   44.29   50.41   50.38   49.65   47.71   52.91  100.00   72.87
    10: TraesCS6B02G360400   44.91   44.87   48.10   50.14   51.02   51.89   48.96   57.34   72.87  100.00
