#
#
#  Percent Identity  Matrix - created by Clustal2.1 
#
#

     1: TraesCS5A02G220400  100.00   90.14   90.91   53.90   54.27   54.91   53.95   58.86   53.01
     2: TraesCS5B02G219500   90.14  100.00   91.77   53.65   53.54   54.68   52.97   58.21   52.54
     3: TraesCS5D02G228400   90.91   91.77  100.00   53.89   53.65   54.94   53.83   58.10   52.49
     4: AT4G28040            53.90   53.65   53.89  100.00   46.12   45.82   47.18   50.04   47.36
     5: TraesCS1D02G256100   54.27   53.54   53.65   46.12  100.00   95.50   52.82   53.56   50.06
     6: TraesCS1B02G267300   54.91   54.68   54.94   45.82   95.50  100.00   52.92   54.05   50.68
     7: TraesCS5B02G219600   53.95   52.97   53.83   47.18   52.82   52.92  100.00   87.46   62.78
     8: TraesCS5A02G220500   58.86   58.21   58.10   50.04   53.56   54.05   87.46  100.00   83.06
     9: TraesCS5D02G228500   53.01   52.54   52.49   47.36   50.06   50.68   62.78   83.06  100.00
