#
#
#  Percent Identity  Matrix - created by Clustal2.1 
#
#

     1: AT4G01450           100.00   44.51   45.29   48.04   48.45   48.95   48.95   47.81
     2: TraesCS4A02G464100   44.51  100.00   90.08   56.89   56.93   59.80   61.00   59.62
     3: TraesCS7A02G024900   45.29   90.08  100.00   56.34   56.14   60.39   61.28   58.32
     4: TraesCS4A02G464200   48.04   56.89   56.34  100.00   95.24   68.81   70.65   66.20
     5: TraesCS7D02G022700   48.45   56.93   56.14   95.24  100.00   69.81   71.40   67.28
     6: TraesCS6B02G015400   48.95   59.80   60.39   68.81   69.81  100.00   93.54   93.48
     7: TraesCS6A02G008800   48.95   61.00   61.28   70.65   71.40   93.54  100.00   95.60
     8: TraesCS6D02G009800   47.81   59.62   58.32   66.20   67.28   93.48   95.60  100.00
