#
#
#  Percent Identity  Matrix - created by Clustal2.1 
#
#

     1: AT4G01430           100.00   47.90   47.21   51.49   51.06   51.14   50.96   49.22   50.38
     2: TraesCS6A02G008800   47.90  100.00   96.71   60.90   61.21   61.27   61.50   59.82   56.14
     3: TraesCS6D02G009800   47.21   96.71  100.00   61.66   57.03   59.84   59.25   57.04   54.82
     4: TraesCS4B02G086600   51.49   60.90   61.66  100.00   93.83   92.98   93.32   79.26   79.17
     5: TraesCS7A02G087800   51.06   61.21   57.03   93.83  100.00   93.09   91.42   75.71   75.18
     6: TraesCS4A02G386700   51.14   61.27   59.84   92.98   93.09  100.00   93.71   77.61   77.58
     7: TraesCS7D02G082900   50.96   61.50   59.25   93.32   91.42   93.71  100.00   79.35   79.58
     8: TraesCS4A02G472400   49.22   59.82   57.04   79.26   75.71   77.61   79.35  100.00   92.44
     9: TraesCS7A02G020400   50.38   56.14   54.82   79.17   75.18   77.58   79.58   92.44  100.00
