#
#
#  Percent Identity  Matrix - created by Clustal2.1 
#
#

     1: AT4G01430           100.00   49.10   48.61   50.03   48.96   45.66   44.40   47.43   47.36
     2: TraesCS4A02G464200   49.10  100.00   94.42   66.60   63.48   57.94   53.62   56.79   55.71
     3: TraesCS7D02G022700   48.61   94.42  100.00   66.85   64.16   56.64   52.90   56.33   55.49
     4: TraesCS6A02G008800   50.03   66.60   66.85  100.00   90.31   59.50   58.80   59.81   59.11
     5: TraesCS6B02G015400   48.96   63.48   64.16   90.31  100.00   57.99   54.93   57.87   57.18
     6: TraesCS5D02G021800   45.66   57.94   56.64   59.50   57.99  100.00   91.85   57.74   58.52
     7: TraesCS5A02G015800   44.40   53.62   52.90   58.80   54.93   91.85  100.00   55.25   55.23
     8: TraesCS4A02G464100   47.43   56.79   56.33   59.81   57.87   57.74   55.25  100.00   89.04
     9: TraesCS7A02G024900   47.36   55.71   55.49   59.11   57.18   58.52   55.23   89.04  100.00
