#
#
#  Percent Identity  Matrix - created by Clustal2.1 
#
#

     1: TraesCS7A02G409900  100.00   89.82   90.09   48.53   50.95   53.86   55.15   54.84
     2: TraesCS7B02G309300   89.82  100.00   92.37   50.08   49.80   53.37   55.16   54.20
     3: TraesCS7D02G403100   90.09   92.37  100.00   50.30   50.11   52.23   55.05   53.00
     4: AT4G19185            48.53   50.08   50.30  100.00   47.37   58.22   57.79   58.74
     5: TraesCS3B02G026700   50.95   49.80   50.11   47.37  100.00   52.99   53.27   52.53
     6: TraesCS6B02G298700   53.86   53.37   52.23   58.22   52.99  100.00   95.31   95.66
     7: TraesCS6A02G271500   55.15   55.16   55.05   57.79   53.27   95.31  100.00   96.75
     8: TraesCS6D02G251700   54.84   54.20   53.00   58.74   52.53   95.66   96.75  100.00
