#
#
#  Percent Identity  Matrix - created by Clustal2.1 
#
#

     1: AT4G01440           100.00   46.72   53.42   53.24   54.00   52.60   53.54   52.27
     2: TraesCS2B02G533700   46.72  100.00   52.68   52.74   52.51   52.04   52.41   52.06
     3: TraesCS4A02G464200   53.42   52.68  100.00   95.40   95.40   69.43   71.39   67.93
     4: TraesCS7D02G022700   53.24   52.74   95.40  100.00   95.85   70.30   72.11   69.16
     5: TraesCS7A02G024800   54.00   52.51   95.40   95.85  100.00   70.84   72.83   69.48
     6: TraesCS6B02G015400   52.60   52.04   69.43   70.30   70.84  100.00   93.81   94.66
     7: TraesCS6A02G008800   53.54   52.41   71.39   72.11   72.83   93.81  100.00   96.19
     8: TraesCS6D02G009800   52.27   52.06   67.93   69.16   69.48   94.66   96.19  100.00
