#
#
#  Percent Identity  Matrix - created by Clustal2.1 
#
#

     1: AT5G40230           100.00   43.57   49.94   49.97   49.94   45.89   45.63   46.21   48.82   48.91   48.59
     2: TraesCS5B02G219600   43.57  100.00   53.43   52.17   52.07   50.72   50.00   50.81   52.19   48.88   50.47
     3: TraesCS1A02G310300   49.94   53.43  100.00   95.69   95.78   68.56   67.61   69.01   72.78   72.45   72.39
     4: TraesCS1B02G321500   49.97   52.17   95.69  100.00   96.63   68.11   66.79   68.43   72.36   71.92   71.92
     5: TraesCS1D02G309800   49.94   52.07   95.78   96.63  100.00   68.17   67.56   68.53   72.93   72.78   72.80
     6: TraesCS1A02G256700   45.89   50.72   68.56   68.11   68.17  100.00   94.91   95.72   69.59   68.56   67.48
     7: TraesCS1D02G256100   45.63   50.00   67.61   66.79   67.56   94.91  100.00   97.40   69.64   67.84   66.41
     8: TraesCS1B02G267300   46.21   50.81   69.01   68.43   68.53   95.72   97.40  100.00   70.02   68.40   67.39
     9: TraesCS3A02G331900   48.82   52.19   72.78   72.36   72.93   69.59   69.64   70.02  100.00   93.15   94.34
    10: TraesCS3B02G362000   48.91   48.88   72.45   71.92   72.78   68.56   67.84   68.40   93.15  100.00   94.91
    11: TraesCS3D02G325400   48.59   50.47   72.39   71.92   72.80   67.48   66.41   67.39   94.34   94.91  100.00
