#
#
#  Percent Identity  Matrix - created by Clustal2.1 
#
#

     1: TraesCS2A02G575700  100.00   42.37   46.62   47.19   46.85   50.26   51.18   49.50
     2: AT5G45370            42.37  100.00   55.86   54.81   56.28   53.35   56.24   53.64
     3: TraesCS6B02G298700   46.62   55.86  100.00   95.10   95.60   58.68   58.77   57.65
     4: TraesCS6A02G271500   47.19   54.81   95.10  100.00   96.79   59.64   59.22   59.34
     5: TraesCS6D02G251700   46.85   56.28   95.60   96.79  100.00   59.26   59.25   58.00
     6: TraesCS7A02G409900   50.26   53.35   58.68   59.64   59.26  100.00   91.43   89.02
     7: TraesCS7B02G309300   51.18   56.24   58.77   59.22   59.25   91.43  100.00   91.70
     8: TraesCS7D02G403100   49.50   53.64   57.65   59.34   58.00   89.02   91.70  100.00
