#
#
#  Percent Identity  Matrix - created by Clustal2.1 
#
#

     1: AT5G40240           100.00   41.26   43.86   43.70   44.62   46.52   43.28   50.16   48.25   49.44   49.84
     2: TraesCS2A02G575700   41.26  100.00   44.39   45.92   44.33   49.20   43.38   47.57   48.31   49.59   50.05
     3: TraesCS3A02G335900   43.86   44.39  100.00   80.35   81.87   85.14   43.07   55.96   57.66   56.61   59.01
     4: TraesCS3D02G328900   43.70   45.92   80.35  100.00   79.40   86.58   43.78   56.75   58.00   57.83   60.38
     5: TraesCS3B02G366800   44.62   44.33   81.87   79.40  100.00   87.17   44.32   56.07   58.72   57.63   59.39
     6: TraesCS2B02G533700   46.52   49.20   85.14   86.58   87.17  100.00   57.79   62.50   63.20   63.31   64.61
     7: TraesCS3B02G009500   43.28   43.38   43.07   43.78   44.32   57.79  100.00   71.38   77.87   77.35   77.95
     8: TraesCS1A02G019700   50.16   47.57   55.96   56.75   56.07   62.50   71.38  100.00   87.42   88.72   90.09
     9: TraesCS1B02G023900   48.25   48.31   57.66   58.00   58.72   63.20   77.87   87.42  100.00   89.40   90.70
    10: TraesCS1D02G019300   49.44   49.59   56.61   57.83   57.63   63.31   77.35   88.72   89.40  100.00   96.29
    11: TraesCS1A02G019800   49.84   50.05   59.01   60.38   59.39   64.61   77.95   90.09   90.70   96.29  100.00
