#
#
#  Percent Identity  Matrix - created by Clustal2.1 
#
#

     1: TraesCS6B02G360900  100.00   74.22   73.76   76.38   52.70   60.54   60.17   60.44   59.45   56.11   56.61
     2: TraesCS6D02G308800   74.22  100.00   78.07   78.17   48.70   57.58   57.54   57.09   57.24   55.71   55.66
     3: TraesCS6D02G308500   73.76   78.07  100.00   88.13   53.63   60.55   59.71   60.60   59.89   55.73   57.32
     4: TraesCS6A02G329600   76.38   78.17   88.13  100.00   53.48   61.34   60.11   60.98   59.84   56.54   57.67
     5: AT5G07050            52.70   48.70   53.63   53.48  100.00   62.94   63.22   63.40   60.77   60.55   60.72
     6: TraesCS1A02G310300   60.54   57.58   60.55   61.34   62.94  100.00   95.89   95.98   75.53   72.44   72.80
     7: TraesCS1B02G321500   60.17   57.54   59.71   60.11   63.22   95.89  100.00   96.63   75.50   72.29   72.65
     8: TraesCS1D02G309800   60.44   57.09   60.60   60.98   63.40   95.98   96.63  100.00   75.37   72.56   72.92
     9: TraesCS3A02G331900   59.45   57.24   59.89   59.84   60.77   75.53   75.50   75.37  100.00   91.96   94.21
    10: TraesCS3B02G362000   56.11   55.71   55.73   56.54   60.55   72.44   72.29   72.56   91.96  100.00   94.59
    11: TraesCS3D02G325400   56.61   55.66   57.32   57.67   60.72   72.80   72.65   72.92   94.21   94.59  100.00
