#
#
#  Percent Identity  Matrix - created by Clustal2.1 
#
#

     1: TraesCS7B02G379300  100.00   96.37   89.52   88.00   42.24   41.21   42.39   42.51   42.00   36.78   44.55   43.62   50.10   50.10   48.89   48.38   48.61   49.63   41.30   53.93   53.93   54.19   52.68   51.81   52.31   53.69   53.36   53.36   53.16   46.56   53.49   42.81   43.33   42.90   55.15   55.48   53.49   52.82   53.35   52.82   51.52   52.58   51.61   44.38   44.38   43.47   43.29   43.90   44.35   47.71   47.17   48.86   53.73   53.73   14.71   14.71   14.71   14.71   19.40   25.37   23.88   23.88   31.91   32.56   29.55   34.79    -nan    -nan   38.35   39.13   37.99   39.43   30.48   31.90   45.35   41.21   34.45   39.31   26.18   32.26   40.83   40.04   42.67   32.93   32.16   34.04   35.92   45.16   44.83   45.62    -nan    -nan    -nan    -nan    -nan    -nan    -nan    -nan    -nan   40.03   43.10   43.42   28.71   26.23   26.46   18.52   52.19   50.00   44.89   40.25   43.46   44.31   44.54   37.62   38.69   37.62    -nan    -nan   31.85   49.78   42.29   27.59   40.91   45.42   48.74   45.73   48.74   47.74   32.61   33.02   29.34   38.98   38.52   45.51   42.38   43.80   44.17   48.09   41.65   41.34   41.27   36.80   36.50   36.93   74.59   50.98   42.35   57.98   42.92   53.01   52.76   26.91   32.15   31.44   28.86   25.98   29.18   28.04   29.00   29.17   26.82   26.23   27.45   27.68   28.99   29.15   30.57   29.77   22.58   30.09   29.54   29.72
     2: TraesCS7B02G379400   96.37  100.00   89.58   87.83   41.87   40.77   42.17   42.28   41.78   37.36   44.07   43.21   49.09   49.09   48.28   48.02   48.09   48.89   40.62   53.66   53.66   53.93   51.89   51.01   51.51   53.36   53.02   53.02   52.82   46.32   53.16   42.47   43.00   42.57   54.82   55.15   53.16   52.49   53.04   52.49   51.18   52.26   51.27   44.07   44.07   43.16   42.99   43.60   45.18   47.88   47.09   49.05   53.98   53.98   16.18   16.18   16.18   16.18   22.39   28.36   26.87   26.87   31.91   32.56   29.55   35.05    -nan    -nan   38.71   39.62   37.92   38.89   30.16   32.38   44.90   41.21   35.01   40.08   26.18   32.26   41.21   39.44   42.86   32.61   31.00   34.04   35.92   45.06   44.74   45.29    -nan    -nan    -nan    -nan    -nan    -nan    -nan    -nan    -nan   40.68   43.10   43.42   29.70   26.23   25.93   18.52   52.19   50.00   44.89   40.68   44.23   45.34   45.57   37.82   38.69   37.62    -nan    -nan   34.07   48.90   43.08   27.59   42.73   45.82   49.25   46.73   48.74   47.74   32.92   33.36   29.74   38.36   39.23   45.69   42.55   43.63   43.99   47.51   40.39   40.51   39.93   36.00   36.59   36.27   74.12   50.68   41.72   57.36   42.33   52.69   52.45   26.23   32.20   31.22   29.14   26.54   29.46   28.22   28.72   29.12   26.92   26.34   27.56   27.68   28.57   28.99   30.32   29.53   22.56   30.47   29.95   29.97
     3: TraesCS7D02G464900   89.52   89.58  100.00   93.82   40.75   40.04   42.14   41.02   40.31   38.07   43.05   43.31   49.80   49.80   48.59   48.66   48.70   50.46   41.38   54.29   54.55   55.06   52.80   52.54   53.04   54.15   54.49   52.82   52.96   46.88   52.96   44.04   44.55   44.77   54.61   55.59   54.93   53.95   53.16   52.96   52.28   52.72   52.20   43.98   43.67   43.07   42.90   42.90   45.44   47.03   47.01   47.80   53.32   52.81   14.71   14.71   14.71   14.71   20.90   26.87   25.37   25.37   29.79   30.23   27.27   35.79    -nan    -nan   39.73   40.46   41.13   41.36   30.45   37.20   45.24   40.24   35.31   42.86   32.47   30.28   45.80   42.55   44.85   34.93   32.02   34.25   40.82   47.89   47.24   48.85    -nan    -nan    -nan    -nan    -nan    -nan    -nan    -nan    -nan   43.38   45.05   45.13   31.13   33.33   30.41   30.51   50.36   51.09   44.04   39.83   43.05   44.72   43.92   38.80   38.19   38.42    -nan    -nan   33.33   50.00   45.35   32.35   42.22   47.27   47.74   47.24   49.75   48.74   32.91   33.87   28.91   37.20   39.16   45.17   41.02   43.15   43.51   49.85   43.06   42.75   41.88   35.29   36.25   36.54   74.62   51.50   42.52   59.20   44.11   53.41   53.16   25.30   31.97   31.49   27.59   25.28   28.77   28.05   28.71   28.87   26.04   25.78   26.71   25.00   25.49   28.72   30.24   29.28   21.78   29.46   30.17   29.34
     4: TraesCS7A02G477400   88.00   87.83   93.82  100.00   40.98   40.23   41.96   41.36   40.93   38.73   43.50   43.51   50.10   50.10   48.89   48.92   48.87   50.56   41.23   53.40   53.66   54.19   51.49   51.81   52.31   53.02   53.36   52.35   51.50   46.49   51.83   42.47   43.67   43.23   54.15   54.49   53.82   53.16   52.08   51.50   51.94   52.26   51.86   43.77   43.47   42.86   43.60   43.29   45.54   47.88   48.09   48.46   54.50   52.96   16.18   16.18   16.18   16.18   20.90   26.87   25.37   25.37   34.04   34.88   31.82   34.71    -nan    -nan   39.26   39.55   38.80   39.93   29.91   38.89   44.81   40.00   34.99   41.42   31.44   29.85   45.07   41.58   44.58   35.19   32.80   34.93   39.46   47.75   46.67   48.36    -nan    -nan    -nan    -nan    -nan    -nan    -nan    -nan    -nan   43.27   45.23   45.13   30.19   30.30   31.44   32.20   50.73   50.73   43.62   39.00   42.67   44.31   43.51   38.61   38.19   38.22    -nan    -nan   31.85   49.14   45.35   35.29   43.11   49.22   48.74   46.73   48.24   47.74   32.92   33.50   28.86   37.53   39.15   44.61   40.49   43.33   43.16   50.44   42.01   41.88   41.78   35.87   36.94   37.03   75.42   51.35   41.73   58.28   43.54   52.93   53.01   25.99   31.90   31.60   27.87   25.28   28.77   28.79   29.62   29.72   26.68   27.27   27.70   25.00   26.04   28.91   29.76   29.24   22.94   29.81   29.64   29.73
     5: TraesCS3A02G019600   42.24   41.87   40.75   40.98  100.00   90.33   90.95   55.85   55.17   52.61   55.74   55.85   40.60   40.60   40.18   41.63   40.91   44.04   44.20   42.12   40.62   41.65   41.27   40.52   40.19   43.94   43.77   43.84   44.31   40.75   44.95   41.41   39.85   40.51   44.17   43.94   37.80   46.20   44.52   47.67   44.86   46.89   46.54   36.17   37.96   36.89   38.24   36.41   35.42   35.74   37.00   36.74   39.14   41.64    -nan    -nan    -nan    -nan    -nan    -nan    -nan    -nan   38.89   40.62   33.33   32.30    -nan    -nan   40.86   40.06   49.20   35.75   33.24   36.54   44.30   44.93   36.02   37.06   37.99   39.38   47.48   47.73   47.74   39.45   38.17   41.90   42.20   43.19   43.04   43.49    -nan    -nan    -nan    -nan    -nan    -nan    -nan    -nan    -nan   34.35   41.27   40.98   37.32   38.36   34.01   41.06   37.47   37.05   40.98   39.40   41.26   38.00   39.68   34.03   39.43   33.67   33.90   34.56   35.25   40.20   32.55   32.23   40.77   38.98   41.52   52.17   56.52   60.43   31.17   29.61   34.19   30.60   41.91   45.02   43.40   43.08   44.08   41.92   46.44   46.27   45.87   48.11   47.08   45.08   37.90   32.11   47.20   46.58   44.88   46.59   46.59    -nan    -nan    -nan    -nan    -nan    -nan    -nan    -nan    -nan    -nan    -nan    -nan    -nan    -nan    -nan    -nan    -nan    -nan    -nan    -nan    -nan
     6: TraesCS3B02G026700   41.21   40.77   40.04   40.23   90.33  100.00   91.25   55.59   54.31   53.92   54.90   55.51   39.18   39.15   38.85   40.37   39.51   42.96   43.80   40.92   39.80   40.71   40.75   40.77   40.51   42.86   43.09   42.76   44.26   41.72   44.64   42.44   40.90   41.98   44.42   44.32   38.38   45.63   43.54   46.27   44.09   46.70   45.82   37.11   38.69   37.53   38.62   37.20   35.39   36.98   38.18   37.71   39.04   42.44    -nan    -nan    -nan    -nan    -nan    -nan    -nan    -nan   41.03   42.86   36.11   30.03   23.40   27.66   40.69   40.24   49.19   35.88   34.86   37.31   45.25   45.37   35.25   37.60   37.99   38.75   47.91   48.53   48.18   38.94   37.70   41.90   42.20   41.14   41.38   43.19    -nan    -nan    -nan    -nan    -nan    -nan    -nan    -nan    -nan   30.64   40.58   40.52   36.36   39.27   35.14   41.06   37.83   37.14   40.23   40.09   41.17   38.54   39.42   34.72   40.24   34.23   33.33   33.82   35.59   40.20   32.21   32.23   39.94   37.85   40.62   52.17   56.52   60.43   30.03   30.22   35.16   32.42   42.44   45.59   43.99   44.69   45.70   41.67   45.45   44.39   43.76   46.71   46.20   46.29   37.05   33.56   47.59   45.10   45.02   46.95   46.95    -nan    -nan    -nan    -nan    -nan    -nan    -nan    -nan    -nan    -nan    -nan    -nan    -nan    -nan    -nan    -nan    -nan    -nan    -nan    -nan    -nan
     7: TraesCS3D02G027300   42.39   42.17   42.14   41.96   90.95   91.25  100.00   54.99   53.95   52.99   55.03   55.00   40.29   40.05   39.49   41.86   40.68   44.11   44.52   41.98   41.15   41.87   40.94   40.58   40.08   43.18   42.96   42.93   45.23   42.40   44.60   41.92   40.30   40.95   45.75   46.14   39.05   47.09   45.28   48.03   44.91   48.42   46.81   38.83   40.29   39.04   40.75   38.50   35.78   38.50   38.30   39.22   41.12   44.59    -nan    -nan    -nan    -nan    -nan    -nan    -nan    -nan   42.86   44.74   38.46   32.08    -nan    -nan   41.88   40.97   47.76   35.87   34.05   37.69   45.25   44.93   35.25   37.87   38.64   39.38   47.91   48.17   48.18   38.94   38.15   42.81   42.20   43.79   43.52   43.52    -nan    -nan    -nan    -nan    -nan    -nan    -nan    -nan    -nan   31.99   41.72   40.89   35.89   38.81   35.92   40.40   38.55   38.76   40.97   39.63   41.10   38.49   39.63   34.40   39.43   33.87   33.33   33.82   35.59   40.20   32.55   32.23   40.22   38.42   41.96   52.17   56.52   60.87   26.90   29.00   35.28   32.29   43.75   47.36   45.72   46.46   47.54   42.98   49.00   48.29   48.40   47.43   47.66   46.58   38.02   32.62   47.55   45.74   45.84   48.12   48.12    -nan    -nan    -nan    -nan    -nan    -nan    -nan    -nan    -nan    -nan    -nan    -nan    -nan    -nan    -nan    -nan    -nan    -nan    -nan    -nan    -nan
     8: TraesCS3A02G007100   42.51   42.28   41.02   41.36   55.85   55.59   54.99  100.00   89.88   81.01   90.38   89.84   39.80   40.31   40.05   40.98   39.86   41.13   43.97   41.10   41.04   41.12   44.03   43.45   43.39   43.84   43.20   43.32   43.78   42.18   44.20   41.85   40.93   40.57   44.03   43.86   35.80   45.03   44.21   45.80   44.28   46.14   46.18   36.25   37.31   36.15   37.87   35.89   37.97   39.16   40.48   38.62   41.03   43.93    -nan    -nan    -nan    -nan    -nan    -nan    -nan    -nan   30.00   34.62   25.93   31.76   37.68   34.78   37.34   37.54   51.12   38.59   36.57   40.59   48.21   44.55   35.67   40.70   42.63   40.43   49.15   50.48   48.76   39.15   40.43   44.71   42.30   38.11   38.12   39.40    -nan    -nan    -nan    -nan    -nan    -nan    -nan    -nan    -nan   31.29   41.79   42.30   36.61   37.39   36.99   38.41   37.06   38.53   39.58   40.74   42.88   41.68   42.88   31.71   38.93   30.59   33.33   30.88   36.27   38.82   35.47   34.71   41.27   42.05   40.99   58.33   59.65   69.30   28.15   32.05   36.49   33.46   44.26   45.90   43.25   44.57   44.88   38.24   45.43   46.63   45.48   51.04   46.29   45.88   44.70   36.71   47.34   46.21   47.31   45.06   45.34    -nan    -nan    -nan    -nan    -nan    -nan    -nan    -nan    -nan    -nan    -nan    -nan    -nan    -nan    -nan    -nan    -nan    -nan    -nan    -nan    -nan
     9: TraesCS3D02G003600   42.00   41.78   40.31   40.93   55.17   54.31   53.95   89.88  100.00   81.07   91.51   91.17   40.06   40.38   40.11   40.80   39.63   41.32   43.21   41.80   41.38   41.40   43.85   43.18   42.78   43.54   43.10   43.05   43.83   42.35   43.51   41.11   41.11   40.45   44.38   43.83   35.97   44.18   43.77   45.37   44.61   45.85   45.93   35.92   36.72   35.88   38.07   36.45   38.06   39.42   41.07   38.89   41.36   44.18    -nan    -nan    -nan    -nan    -nan    -nan    -nan    -nan   31.43   35.48   28.12   31.17   42.59   35.19   36.65   36.85   51.28   38.98   37.71   40.17   48.41   43.64   36.47   41.28   42.31   41.98   49.15   50.48   48.95   39.95   40.19   45.32   43.20   37.24   37.16   37.88    -nan    -nan    -nan    -nan    -nan    -nan    -nan    -nan    -nan   30.32   39.25   39.34   37.09   37.39   34.34   38.41   35.79   36.61   39.94   40.74   41.96   40.58   41.39   30.04   38.52   29.85   33.90   32.35   35.59   38.82   35.47   34.71   41.27   42.33   40.99   58.33   59.65   69.30   29.95   31.35   36.89   32.34   43.59   45.36   43.07   43.68   43.67   38.46   45.32   45.93   44.29   51.87   46.64   46.59   46.59   37.57   46.86   45.68   45.46   43.06   43.46    -nan    -nan    -nan    -nan    -nan    -nan    -nan    -nan    -nan    -nan    -nan    -nan    -nan    -nan    -nan    -nan    -nan    -nan    -nan    -nan    -nan
    10: TraesCS7A02G281700   36.78   37.36   38.07   38.73   52.61   53.92   52.99   81.01   81.07  100.00   80.51   80.59   40.13   40.35   40.84   40.35   39.51   39.80   43.05   41.23   40.65   40.58   41.29   41.18   40.98   44.71   43.97   43.82   44.05   41.65   45.58   42.07   41.34   40.96   44.69   45.29   35.44   45.58   43.60   46.91   43.00   48.62   44.55   39.61   41.77   39.15   41.85   38.16   39.07   39.40   43.20   38.44   41.14   44.69    -nan    -nan    -nan    -nan    -nan    -nan    -nan    -nan    -nan    -nan    -nan   25.71    -nan    -nan   34.14   32.27   44.96   33.51   43.65   38.14   44.14   44.09   37.40   39.20   42.86   42.19   42.42   43.86   42.60   41.54   39.90   44.65   43.43   28.52   27.82   28.20    -nan    -nan    -nan    -nan    -nan    -nan    -nan    -nan    -nan   35.88   41.90   42.18   38.86   40.18   41.46   40.40   43.65   41.16   40.35   42.21   44.79   43.99   44.51   29.43   31.19   28.61   31.07   29.41   33.33   29.59   29.81   34.71   35.84   34.56   24.14   33.33   35.48   38.71   31.60   30.41   36.55   30.60   43.63   47.96   45.06   46.48   47.21   41.20   32.28   33.33   31.75   42.31   42.31   42.31   30.77   31.07   50.86   49.13   47.10   48.56   48.01    -nan    -nan    -nan    -nan    -nan    -nan    -nan    -nan    -nan    -nan    -nan    -nan    -nan    -nan    -nan    -nan    -nan    -nan    -nan    -nan    -nan
    11: TraesCS3B02G011600   44.55   44.07   43.05   43.50   55.74   54.90   55.03   90.38   91.51   80.51  100.00   98.33   40.39   40.95   40.50   41.21   40.29   42.02   44.38   41.41   41.05   41.25   44.03   43.35   43.59   43.65   43.17   43.30   43.30   42.41   44.10   41.05   40.80   40.10   43.99   43.70   35.27   45.18   43.28   45.88   44.40   46.14   45.97   36.79   38.55   36.78   39.45   37.17   37.32   39.29   41.67   38.17   40.96   44.10    -nan    -nan    -nan    -nan    -nan    -nan    -nan    -nan   31.43   35.48   28.12   30.81   52.63   31.58   37.96   37.63   51.65   38.71   37.43   40.59   48.41   44.55   35.87   42.15   43.18   42.19   49.14   50.29   48.75   39.57   40.10   44.95   43.43   39.23   38.75   39.79    -nan    -nan    -nan    -nan    -nan    -nan    -nan    -nan    -nan   31.80   40.94   41.75   38.29   37.44   37.45   39.07   37.83   39.16   40.28   40.74   44.04   42.71   43.86   32.02   38.93   30.99   33.90   31.62   35.93   38.49   35.81   35.54   41.55   41.76   40.99   57.89   59.65   69.30   29.14   32.98   35.48   31.44   45.44   46.90   43.83   45.45   45.80   39.30   44.87   45.77   44.69   51.87   47.35   47.31   46.21   36.93   49.03   47.33   47.73   45.41   45.72    -nan    -nan    -nan    -nan    -nan    -nan    -nan    -nan    -nan    -nan    -nan    -nan    -nan    -nan    -nan    -nan    -nan    -nan    -nan    -nan    -nan
    12: TraesCS3B02G006900   43.62   43.21   43.31   43.51   55.85   55.51   55.00   89.84   91.17   80.59   98.33  100.00   42.37   42.63   42.46   43.08   42.33   43.92   44.29   41.77   41.49   41.56   43.85   43.14   43.38   44.06   43.45   43.59   42.90   42.58   44.40   41.36   40.99   40.05   44.36   44.36   35.32   45.24   43.42   46.40   44.87   46.50   46.25   38.24   39.88   38.09   41.50   38.82   36.88   38.84   41.58   37.53   40.65   43.96    -nan    -nan    -nan    -nan    -nan    -nan    -nan    -nan   31.43   35.48   28.12   30.35    -nan    -nan   38.52   38.42   51.65   39.09   37.71   40.17   48.61   44.09   35.87   42.44   43.51   41.88   49.14   50.29   48.75   40.11   40.34   45.26   44.04   39.80   39.46   39.62    -nan    -nan    -nan    -nan    -nan    -nan    -nan    -nan    -nan   32.38   41.73   42.35   38.29   37.90   37.45   39.74   38.34   39.15   40.52   40.97   44.46   42.88   44.27   32.32   38.93   31.06   34.46   31.62   35.93   38.49   36.49   35.54   41.55   42.05   40.99   57.89   59.65   69.30   28.10   30.91   34.48   30.52   45.45   46.99   43.75   45.28   45.64   39.51   47.13   47.78   46.84   51.87   52.50   51.25   47.51   36.99   48.90   47.55   48.33   46.23   46.39    -nan    -nan    -nan    -nan    -nan    -nan    -nan    -nan    -nan    -nan    -nan    -nan    -nan    -nan    -nan    -nan    -nan    -nan    -nan    -nan    -nan
    13: TraesCS1B02G321500   50.10   49.09   49.80   50.10   40.60   39.18   40.29   39.80   40.06   40.13   40.39   42.37  100.00   94.20   94.50   63.31   62.40   63.23   42.29   40.74   41.59   40.97   51.74   51.53   51.15   48.27   48.55   48.75   46.69   47.91   48.74   48.35   46.33   47.61   49.80   49.22   41.24   46.00   46.10   48.90   46.10   51.51   46.60   41.13   42.59   40.87   42.44   39.68   33.77   35.72   35.02   39.00   38.62   42.35   25.88   27.42   27.46   26.17   29.63   28.49   31.44   31.14   35.00   30.56   29.73   32.81    -nan    -nan   41.41   40.96   53.76   41.49   31.90   41.59   53.07   42.86   37.33   41.46   45.56   41.60   62.22   62.96   61.73   46.95   49.47   53.20   57.20   38.12   38.63   38.84    -nan    -nan    -nan    -nan    -nan    -nan    -nan    -nan    -nan   35.86   39.06   38.70   41.28   42.77   38.68   44.37   39.37   41.10   40.97   39.33   42.64   41.27   42.20   33.51   45.00   33.21   31.76   31.62   31.43   41.20   39.33   35.54   43.38   44.57   51.72   53.10   51.03   59.31   31.05   32.17   36.06   34.09   40.74   40.89   40.14   39.65   39.96   40.98   39.61   39.81   39.71   44.48   42.72   42.86   38.60   34.88   43.83   46.00   46.10   48.68   49.25   15.22   28.70   31.50   28.57   31.11   24.44   26.25   31.88   28.81   22.22   16.33   16.33   16.00   32.50   26.32   28.69   28.48   27.27   30.91   30.48   28.35
    14: TraesCS1A02G310300   50.10   49.09   49.80   50.10   40.60   39.15   40.05   40.31   40.38   40.35   40.95   42.63   94.20  100.00   94.12   62.97   61.97   63.31   41.77   40.25   41.08   40.75   51.06   51.10   50.72   48.03   48.46   48.32   46.02   47.18   48.30   48.31   46.47   47.52   49.50   49.12   41.43   46.11   45.68   48.44   45.53   50.96   46.20   40.66   42.16   40.23   41.76   39.32   34.28   36.13   34.98   38.09   37.96   42.08   24.91   26.05   25.14   24.30   27.06   27.93   31.23   31.52   35.00   30.56   29.73   31.61    -nan    -nan   41.93   41.24   53.85   41.16   32.38   42.48   53.91   42.02   37.60   41.46   45.16   43.20   62.96   63.95   62.96   47.59   50.18   54.00   56.00   38.48   38.99   39.40    -nan    -nan    -nan    -nan    -nan    -nan    -nan    -nan    -nan   35.82   39.05   38.52   39.45   41.04   37.98   43.05   39.82   41.10   40.80   39.02   42.81   41.27   42.37   33.51   44.29   32.85   32.94   31.62   32.65   41.60   38.91   34.71   42.72   44.57   50.34   54.48   51.03   58.62   30.07   32.15   36.67   33.91   40.11   40.72   40.14   39.65   39.96   41.35   39.95   40.15   40.05   47.02   44.79   44.94   38.60   35.52   43.58   45.83   45.68   48.93   49.42   19.15   27.10   30.00   22.22   26.53   22.45   27.38   30.14   26.98   20.69   16.98   20.75   26.92   18.18   28.47   31.75   33.54   31.34   34.21   35.85   29.77
    15: TraesCS1D02G309800   48.89   48.28   48.59   48.89   40.18   38.85   39.49   40.05   40.11   40.84   40.50   42.46   94.50   94.12  100.00   63.48   62.33   63.40   41.65   40.24   41.06   40.67   50.83   50.61   50.31   47.96   48.35   48.80   46.42   48.04   48.29   47.44   45.53   46.81   49.10   48.59   42.11   46.29   46.06   48.64   45.59   50.60   45.41   41.65   43.12   41.10   42.13   39.83   34.89   36.27   35.58   38.07   38.17   41.75   26.95   28.18   26.76   27.04   28.72   27.20   28.78   29.27   35.00   30.56   29.73   33.76    -nan    -nan   40.70   40.13   51.61   41.73   33.33   42.48   53.91   41.18   38.44   42.44   44.76   42.40   61.48   62.22   61.73   48.87   50.53   55.20   57.60   37.41   37.91   38.46    -nan    -nan    -nan    -nan    -nan    -nan    -nan    -nan    -nan   36.30   39.22   38.52   40.37   41.62   38.33   45.03   38.91   40.66   40.62   38.11   41.44   39.73   40.85   33.85   45.00   33.39   32.94   32.35   33.47   40.80   38.49   36.36   43.05   44.20   51.03   52.41   51.72   56.55   30.64   31.94   36.03   33.91   39.12   40.37   39.43   38.94   39.25   40.62   39.56   39.76   39.66   43.93   42.19   42.32   38.05   34.91   43.34   45.47   45.28   48.60   49.58   17.02   27.27   29.46   24.44   28.57   26.53   25.30   33.33   27.42   19.30   17.31   19.23   15.38   22.73   29.41   31.20   32.30   33.33   34.51   34.29   28.46
    16: TraesCS3D02G325400   48.38   48.02   48.66   48.92   41.63   40.37   41.86   40.98   40.80   40.35   41.21   43.08   63.31   62.97   63.48  100.00   93.36   90.46   42.25   42.94   43.09   42.80   52.41   52.17   52.51   49.06   49.55   48.86   47.20   48.60   48.91   45.06   44.13   44.41   48.54   48.05   41.10   46.27   47.32   48.73   48.51   50.90   47.73   40.62   43.30   41.06   43.15   39.30   34.31   35.67   35.68   37.44   37.88   41.41   29.97   29.20   29.13   29.13   30.58   31.40   31.50   33.88   37.50   33.33   32.43   35.96    -nan    -nan   41.55   41.76   56.03   40.78   31.47   42.14   56.82   42.86   35.25   39.59   44.35   44.40   56.84   57.68   57.26   43.80   45.45   52.00   54.40   40.16   40.60   40.17    -nan    -nan    -nan    -nan    -nan    -nan    -nan    -nan    -nan   34.78   41.50   40.87   39.45   42.20   36.24   40.40   41.07   41.87   39.81   38.34   43.31   41.26   41.50   33.86   43.78   33.44   30.59   28.68   32.36   39.32   40.14   32.23   43.80   45.48   48.42   53.68   51.05   52.63   32.41   32.18   37.30   36.28   40.06   42.51   40.96   41.02   40.96   43.09   38.58   39.11   39.02   41.53   39.08   39.40   39.84   36.81   44.76   48.23   46.32   48.34   49.24   13.73   19.61   20.83   30.77   46.51   32.56   37.18   34.78   37.50   32.69   38.30   31.91   36.00   35.90   31.30   29.06   30.00   22.22   25.00   24.53   24.79
    17: TraesCS3B02G362000   48.61   48.09   48.70   48.87   40.91   39.51   40.68   39.86   39.63   39.51   40.29   42.33   62.40   61.97   62.33   93.36  100.00   88.96   41.49   41.88   42.51   42.40   52.47   52.70   52.91   49.79   50.57   49.84   48.07   50.10   49.14   45.04   43.97   43.97   48.51   48.29   43.24   46.56   48.40   48.62   47.90   51.14   46.70   41.53   43.85   42.07   43.66   40.51   34.28   35.03   35.18   37.41   37.79   41.01   29.77   28.68   29.12   29.12   29.25   30.24   30.63   32.12   37.50   33.33   32.43   34.69    -nan    -nan   40.80   40.61   54.88   39.58   31.97   40.88   54.35   41.27   34.44   40.98   44.76   44.40   55.25   55.92   55.53   42.51   45.15   52.00   55.60   40.33   40.77   40.34    -nan    -nan    -nan    -nan    -nan    -nan    -nan    -nan    -nan   34.83   41.42   40.94   38.07   41.04   35.89   41.06   40.85   41.43   39.97   39.14   43.62   41.42   41.03   33.39   41.62   32.78   32.35   29.41   32.73   40.34   39.44   33.06   43.52   45.48   47.89   53.16   52.11   51.58   32.18   33.57   36.48   35.76   39.10   42.34   40.78   40.85   40.96   43.09   35.62   35.59   36.09   38.20   36.79   36.25   38.24   33.86   44.21   48.05   44.31   48.67   49.41   17.65   20.17   21.90   22.22   34.69   24.49   36.90   34.72   37.10   31.03   30.19   24.53   32.00   27.27   25.00   23.13   24.29   20.83   29.75   27.68   28.26
    18: TraesCS3A02G331900   49.63   48.89   50.46   50.56   44.04   42.96   44.11   41.13   41.32   39.80   42.02   43.92   63.23   63.31   63.40   90.46   88.96  100.00   41.74   42.77   42.93   42.97   54.54   54.55   55.46   50.39   51.13   50.79   48.50   49.94   48.89   45.58   44.31   45.57   49.44   49.33   46.16   47.46   48.91   48.40   48.56   50.92   47.42   42.91   43.17   43.06   43.34   40.58   34.92   36.56   36.06   38.62   38.72   41.15   28.33   28.04   28.74   28.27   29.58   30.24   31.44   33.56   42.86   38.71   37.50   35.95    -nan    -nan   43.08   42.64   56.79   40.97   30.65   41.61   56.50   44.54   35.52   40.08   44.35   43.60   58.47   59.11   58.69   43.62   45.56   52.00   55.20   41.27   41.75   41.49    -nan    -nan    -nan    -nan    -nan    -nan    -nan    -nan    -nan   34.13   40.60   40.73   38.53   41.62   36.59   41.06   40.92   42.19   40.03   38.92   44.43   42.33   42.56   33.61   42.31   32.99   31.18   30.15   32.00   40.75   39.50   31.40   43.02   44.34   47.59   51.87   52.94   52.41   29.36   31.86   35.52   34.99   39.40   41.20   40.11   40.54   40.11   44.13   37.60   37.76   37.86   41.06   38.37   38.46   40.41   36.18   44.16   47.12   45.55   47.97   48.28   22.45   20.54   21.37   32.43   37.50   35.00   34.21   30.43   33.33   26.53   38.64   31.82   34.78   29.73   26.76   25.58   25.73   21.62   26.72   26.17   27.82
    19: TraesCS2A02G575700   41.30   40.62   41.38   41.23   44.20   43.80   44.52   43.97   43.21   43.05   44.38   44.29   42.29   41.77   41.65   42.25   41.49   41.74  100.00   39.52   38.28   38.90   45.72   46.17   45.81   39.96   39.55   38.75   38.03   44.16   44.50   38.58   39.81   38.98   40.67   40.48   42.23   38.82   38.80   39.35   41.66   45.85   38.54   37.21   37.09   37.20   36.80   37.35   37.44   36.81   36.39   39.03   37.45   39.12    -nan   30.77    -nan   31.98    -nan    -nan    -nan   39.62   33.33   28.57   27.78   32.17   30.77   23.08   36.28   37.00   56.90   36.97   34.20   36.04   45.99   43.27   33.33   38.80   33.61   33.42   46.60   46.91   45.72   37.24   37.71   39.69   36.13   38.15   38.20   38.55    -nan    -nan    -nan    -nan    -nan    -nan    -nan    -nan    -nan   33.21   40.64   40.21   34.26   39.64   36.69   45.03   34.59   35.03   37.65   39.12   39.10   37.05   37.52   34.30   36.59   34.28   32.00   30.60   31.74   36.51   37.16   27.73   41.83   43.50   41.96   47.83   48.70   49.57   29.06   31.30   33.15   31.20   43.55   41.39   42.41   42.48   43.09   35.81   42.86   42.90   42.02   51.79   50.17   49.48   45.10   34.18   42.65   39.72   43.24   41.42   41.23   34.38   33.33   33.33   31.25   31.25   31.25   40.62   40.62   40.62   28.12   28.12   25.00   18.75   27.59   34.62   34.62   34.62   25.00   15.62   31.25   31.25
    20: TraesCS7B02G073900   53.93   53.66   54.29   53.40   42.12   40.92   41.98   41.10   41.80   41.23   41.41   41.77   40.74   40.25   40.24   42.94   41.88   42.77   39.52  100.00   87.64   88.27   48.63   49.88   49.65   49.05   50.80   48.75   48.29   54.21   59.17   43.67   42.58   43.17   48.85   50.27   48.04   46.01   46.39   47.74   48.73   59.46   47.99   38.19   37.89   38.27   39.10   39.42   36.66   37.24   38.15   39.01   39.03   41.03    -nan    -nan    -nan   23.85    -nan    -nan    -nan    -nan    -nan    -nan    -nan   33.55    -nan    -nan   36.13   36.93   52.56   33.78   38.04   40.08   44.54   44.11   35.48   38.69   38.70   40.73   50.52   50.26   50.26   42.11   40.36   43.58   39.95   43.16   43.00   43.72    -nan    -nan    -nan    -nan    -nan    -nan    -nan    -nan    -nan   43.14   46.20   44.87   35.75   44.13   39.05   46.36   44.19   42.68   45.38   43.16   47.47   46.64   48.02   35.18   28.57   33.40   30.12   28.80   31.85   28.23   31.03   34.75   32.18   34.30   30.23   30.61   32.65   32.65   28.06   24.32   41.48   37.38   48.70   48.74   48.60   47.68   49.58   42.66   44.12   43.81   45.54    -nan    -nan    -nan   32.35   34.57   48.60   47.95   50.44   50.77   50.55   26.47   33.33   33.33   32.35   38.24   32.35   26.47   29.41   29.41   35.29   32.35   29.41   26.47   29.03   23.08   23.08   23.08   26.47   20.59   23.53   23.53
    21: TraesCS7A02G169100   53.93   53.66   54.55   53.66   40.62   39.80   41.15   41.04   41.38   40.65   41.05   41.49   41.59   41.08   41.06   43.09   42.51   42.93   38.28   87.64  100.00   90.53   47.57   48.71   48.79   48.10   50.18   47.95   47.66   53.43   58.57   43.80   43.35   42.61   48.27   49.14   47.63   45.51   46.00   47.70   49.35   58.41   47.88   38.45   38.41   38.54   38.34   39.22   36.87   36.93   37.86   39.49   38.92   41.58    -nan    -nan    -nan   23.64    -nan    -nan    -nan    -nan    -nan    -nan    -nan   31.79    -nan    -nan   36.53   37.62   52.56   32.99   37.41   40.44   44.36   43.17   35.92   39.06   38.48   41.78   50.88   50.38   50.63   41.72   39.61   43.19   38.92   43.47   43.24   43.96    -nan    -nan    -nan    -nan    -nan    -nan    -nan    -nan    -nan   42.39   44.63   43.39   35.78   42.41   38.76   46.36   43.85   42.80   45.25   44.90   47.32   46.50   47.47   34.03   28.57   33.00   31.07   27.94   30.36   31.20   30.77   36.36   29.67   33.53   30.23   30.61   32.65   32.65   28.40   25.64   42.18   37.76   48.59   49.28   48.62   47.98   49.72   42.34   43.43   43.14   44.90    -nan    -nan    -nan   32.35   35.65   48.67   47.68   49.51   49.40   49.29   14.71   11.11   11.11   20.59   26.47   20.59   17.65   20.59   20.59   23.53   20.59   17.65   14.71   16.13   15.38   15.38   15.38   14.71   11.76   14.71   14.71
    22: TraesCS7D02G170200   54.19   53.93   55.06   54.19   41.65   40.71   41.87   41.12   41.40   40.58   41.25   41.56   40.97   40.75   40.67   42.80   42.40   42.97   38.90   88.27   90.53  100.00   47.53   48.87   48.86   47.68   50.00   47.52   46.88   53.13   58.05   43.17   42.48   42.15   47.85   49.95   47.42   44.89   45.28   46.37   48.54   58.29   46.78   38.50   38.56   38.34   38.77   39.62   36.64   37.35   38.25   39.62   39.72   41.31    -nan    -nan    -nan   27.33    -nan    -nan    -nan    -nan    -nan    -nan    -nan   31.40    -nan    -nan   36.46   37.50   52.56   32.55   38.08   40.08   44.20   42.91   36.60   40.32   37.05   41.83   51.67   51.44   51.43   42.07   40.35   44.06   40.48   43.50   43.58   44.31    -nan    -nan    -nan    -nan    -nan    -nan    -nan    -nan    -nan   42.23   44.65   43.58   33.96   41.74   38.46   47.68   43.92   42.86   44.92   42.26   46.80   45.79   47.55   34.47   28.57   33.20   31.58   27.69   29.63   30.08   30.43   35.54   30.51   33.33   30.23   30.61   32.65   32.65   28.61   25.00   41.47   37.25   48.64   48.94   48.26   47.76   49.51   43.01   43.14   42.86   44.55    -nan    -nan    -nan   38.24   34.48   48.43   47.30   49.39   49.94   49.83   26.47   33.33   33.33   26.47   32.35   26.47   20.59   23.53   23.53   29.41   26.47   23.53   20.59   22.58   23.08   23.08   23.08   26.47   20.59   23.53   23.53
    23: TraesCS1D02G256100   52.68   51.89   52.80   51.49   41.27   40.75   40.94   44.03   43.85   41.29   44.03   43.85   51.74   51.06   50.83   52.41   52.47   54.54   45.72   48.63   47.57   47.53  100.00   91.58   93.62   51.04   50.18   50.60   52.03   48.74   54.02   51.63   51.41   51.55   51.51   50.77   43.07   50.67   48.69   50.79   50.54   54.49   51.70   38.57   40.00   38.61   41.52   40.18   38.12   39.55   40.00   40.06   41.08   45.19    -nan    -nan    -nan    -nan    -nan    -nan    -nan    -nan   43.59   37.14   36.11   38.57    -nan    -nan   40.62   43.55   57.29   41.19   31.64   38.33   51.06   52.79   38.26   41.52   36.39   40.06   53.52   54.42   53.20   41.63   40.84   42.89   37.73   43.70   44.21   43.49    -nan    -nan    -nan    -nan    -nan    -nan    -nan    -nan    -nan   37.46   43.03   42.79   43.06   40.54   36.09   46.36   44.19   42.78   46.82   40.97   46.30   42.91   45.25   33.33   36.18   31.50   32.00   32.09   31.74   38.16   37.16   31.93   42.38   44.35   45.98   46.52   46.09   49.13   29.12   31.72   37.93   34.59   47.84   46.39   45.45   44.98   45.45   42.46   52.24   53.47   52.65   51.41   50.00   50.81   46.70   38.23   51.20   49.09   53.72   52.76   52.76    -nan    -nan    -nan    -nan    -nan    -nan    -nan    -nan    -nan    -nan    -nan    -nan    -nan    -nan    -nan    -nan    -nan    -nan    -nan    -nan    -nan
    24: TraesCS1A02G256700   51.81   51.01   52.54   51.81   40.52   40.77   40.58   43.45   43.18   41.18   43.35   43.14   51.53   51.10   50.61   52.17   52.70   54.55   46.17   49.88   48.71   48.87   91.58  100.00   96.37   50.28   49.63   50.23   51.06   47.62   53.11   51.60   50.86   50.79   50.24   49.74   42.51   51.09   48.90   50.48   51.09   53.88   52.23   39.39   41.20   39.72   41.64   40.28   37.78   38.83   39.98   39.62   40.70   44.33    -nan    -nan    -nan    -nan    -nan    -nan    -nan    -nan   43.59   37.14   36.11   36.40    -nan    -nan   40.29   43.38   57.89   41.48   31.89   38.61   50.26   50.18   37.35   42.20   39.07   38.32   51.71   52.59   51.55   41.11   41.21   41.97   37.66   43.27   43.77   43.03    -nan    -nan    -nan    -nan    -nan    -nan    -nan    -nan    -nan   38.32   43.61   42.90   43.52   40.09   37.28   45.03   45.64   42.71   46.47   41.20   46.30   43.41   46.42   33.33   36.18   30.97   32.57   30.60   32.76   38.49   36.82   33.61   43.21   44.07   45.98   46.52   46.09   49.57   28.61   32.34   37.04   34.40   47.07   45.81   44.41   44.57   44.72   42.96   50.00   51.25   50.42   53.28   51.05   51.87   47.32   37.22   51.60   48.12   53.43   52.03   52.17    -nan    -nan    -nan    -nan    -nan    -nan    -nan    -nan    -nan    -nan    -nan    -nan    -nan    -nan    -nan    -nan    -nan    -nan    -nan    -nan    -nan
    25: TraesCS1B02G267300   52.31   51.51   53.04   52.31   40.19   40.51   40.08   43.39   42.78   40.98   43.59   43.38   51.15   50.72   50.31   52.51   52.91   55.46   45.81   49.65   48.79   48.86   93.62   96.37  100.00   50.33   49.68   50.28   51.50   48.17   53.58   51.72   51.33   51.16   50.78   50.16   42.55   51.15   49.47   50.80   50.80   54.27   51.87   39.14   40.85   39.37   41.51   40.16   38.03   39.44   40.66   39.69   41.06   44.93    -nan    -nan    -nan    -nan    -nan    -nan    -nan    -nan   43.59   37.14   36.11   37.89    -nan    -nan   40.21   42.90   57.29   41.55   32.21   38.74   51.06   52.03   37.41   42.30   38.95   39.01   53.16   53.89   53.01   42.13   41.72   43.19   38.58   43.85   44.36   43.64    -nan    -nan    -nan    -nan    -nan    -nan    -nan    -nan    -nan   38.31   43.83   43.26   43.98   40.09   37.28   45.70   45.35   42.97   46.13   41.44   45.96   43.58   45.90   32.99   36.18   30.62   32.00   29.85   32.08   38.49   36.82   31.93   42.66   44.63   45.98   46.52   46.09   49.57   28.65   31.63   37.46   34.83   47.24   45.78   44.53   44.69   44.84   43.21   50.84   52.10   51.26   52.89   51.90   52.72   47.11   37.64   51.19   48.25   53.05   51.76   51.90    -nan    -nan    -nan    -nan    -nan    -nan    -nan    -nan    -nan    -nan    -nan    -nan    -nan    -nan    -nan    -nan    -nan    -nan    -nan    -nan    -nan
    26: TraesCS6D02G309000   53.69   53.36   54.15   53.02   43.94   42.86   43.18   43.84   43.54   44.71   43.65   44.06   48.27   48.03   47.96   49.06   49.79   50.39   39.96   49.05   48.10   47.68   51.04   50.28   50.33  100.00   82.82   89.95   75.38   82.67   88.48   50.08   49.35   49.58   60.55   60.28   60.02   57.26   58.21   59.71   60.52   79.66   57.71   39.25   39.17   38.67   39.88   39.44   37.86   37.10   36.88   41.04   39.85   43.22    -nan    -nan    -nan   32.12    -nan    -nan    -nan    -nan    -nan    -nan    -nan   37.05    -nan    -nan   40.24   40.12   55.13   36.27   43.78   45.99   48.99   44.56   39.07   43.83   40.71   43.49   58.39   58.22   57.84   50.00   46.71   49.83   46.15   40.92   40.94   40.94    -nan    -nan    -nan    -nan    -nan    -nan    -nan    -nan    -nan   42.11   45.15   44.61   40.38   42.92   40.00   45.03   44.23   43.51   46.35   41.56   45.83   44.11   46.93   32.65   31.43   31.51   32.57   32.84   30.72   28.46   32.17   31.09   32.78   32.95   25.58   38.78   32.65   30.61   33.62   32.65   40.41   37.48   49.92   49.56   50.31   49.25   50.93   41.50   48.28   48.74   49.57    -nan    -nan    -nan   35.29   35.12   50.00   45.01   49.22   49.58   49.04   20.59   38.89   38.89   20.59   23.53   20.59   23.53   26.47   26.47   23.53   23.53   23.53   20.59   22.58   38.46   38.46   38.46   29.41   23.53   26.47   26.47
    27: TraesCS6B02G360900   53.36   53.02   54.49   53.36   43.77   43.09   42.96   43.20   43.10   43.97   43.17   43.45   48.55   48.46   48.35   49.55   50.57   51.13   39.55   50.80   50.18   50.00   50.18   49.63   49.68   82.82  100.00   84.05   73.53   83.32   89.18   49.78   49.60   51.63   60.39   60.63   59.00   58.93   59.81   61.61   62.15   79.10   59.78   40.04   39.46   39.17   40.22   39.75   38.23   37.66   38.41   41.81   40.23   43.45    -nan    -nan    -nan   22.73    -nan    -nan    -nan    -nan    -nan    -nan    -nan   37.37    -nan    -nan   40.24   39.92   55.13   36.27   42.16   43.85   47.30   43.52   38.08   42.13   40.00   44.52   58.39   57.24   57.52   49.19   46.08   50.50   45.82   41.84   41.88   41.88    -nan    -nan    -nan    -nan    -nan    -nan    -nan    -nan    -nan   42.74   45.62   45.08   39.44   44.29   39.70   43.71   44.01   43.91   47.34   42.39   45.83   44.68   46.74   32.47   32.86   31.51   30.86   30.60   27.71   30.08   30.43   31.93   31.67   34.10   23.26   36.73   30.61   32.65   33.90   33.33   41.03   38.67   49.77   50.29   50.15   49.40   50.93   41.99   48.28   48.74   49.57    -nan    -nan    -nan   41.18   34.29   48.98   45.32   47.67   47.92   47.49   14.71   11.11   11.11   11.76   14.71   11.76   14.71   17.65   17.65   11.76   11.76   11.76    8.82   12.90   23.08   23.08   23.08   11.76    2.94   11.76   11.76
    28: TraesCS6A02G330100   53.36   53.02   52.82   52.35   43.84   42.76   42.93   43.32   43.05   43.82   43.30   43.59   48.75   48.32   48.80   48.86   49.84   50.79   38.75   48.75   47.95   47.52   50.60   50.23   50.28   89.95   84.05  100.00   76.00   83.61   89.70   48.66   48.69   48.49   59.74   59.71   58.79   55.28   56.38   57.13   58.66   79.70   55.69   40.07   39.67   39.00   39.94   39.21   37.48   37.03   37.28   40.84   39.49   42.88    -nan    -nan    -nan   29.93    -nan    -nan    -nan    -nan    -nan    -nan    -nan   37.05    -nan    -nan   40.57   40.33   53.85   35.62   42.70   44.92   48.31   44.56   39.74   43.83   40.71   44.52   57.42   56.91   56.86   49.19   45.45   49.83   45.48   41.84   41.88   41.88    -nan    -nan    -nan    -nan    -nan    -nan    -nan    -nan    -nan   42.32   45.15   44.61   40.38   42.92   40.00   43.71   44.44   43.31   46.35   40.74   45.63   43.54   46.55   32.84   32.86   31.70   32.00   31.34   30.72   28.46   30.43   31.93   32.22   33.53   25.58   36.73   30.61   28.57   33.05   32.65   40.09   37.65   49.47   48.84   50.15   48.65   50.46   41.18   50.00   50.42   51.30    -nan    -nan    -nan   29.41   35.01   49.37   45.19   49.22   49.23   48.81   23.53   33.33   33.33   20.59   23.53   20.59   23.53   26.47   26.47   32.35   32.35   32.35   26.47   25.81   38.46   38.46   38.46   26.47   20.59   20.59   20.59
